0 0.583299
1 0.52671
2 0.506043
3 0.501308
4 0.500408
5 0.500243
6 0.500212
7 0.500205
8 0.500202
9 0.500199
10 0.500197
11 0.500195
12 0.500193
13 0.500191
14 0.500189
15 0.500187
16 0.500185
17 0.500183
18 0.500181
19 0.500179
20 0.500178
21 0.500176
22 0.500174
23 0.500172
24 0.50017
25 0.500168
26 0.500166
27 0.500164
28 0.500162
29 0.50016
30 0.500158
31 0.500156
32 0.500155
33 0.500153
34 0.500151
35 0.500149
36 0.500147
37 0.500145
38 0.500143
39 0.500142
40 0.50014
41 0.500138
42 0.500136
43 0.500134
44 0.500133
45 0.500131
46 0.500129
47 0.500127
48 0.500125
49 0.500124
50 0.500122
51 0.50012
52 0.500118
53 0.500116
54 0.500115
55 0.500113
56 0.500111
57 0.500109
58 0.500108
59 0.500106
60 0.500104
61 0.500103
62 0.500101
63 0.500099
64 0.500097
65 0.500096
66 0.500094
67 0.500092
68 0.500091
69 0.500089
70 0.500087
71 0.500086
72 0.500084
73 0.500082
74 0.50008
75 0.500079
76 0.500077
77 0.500075
78 0.500074
79 0.500072
80 0.50007
81 0.500069
82 0.500067
83 0.500066
84 0.500064
85 0.500062
86 0.500061
87 0.500059
88 0.500057
89 0.500056
90 0.500054
91 0.500052
92 0.500051
93 0.500049
94 0.500048
95 0.500046
96 0.500044
97 0.500043
98 0.500041
99 0.50004
100 0.500038
101 0.500036
102 0.500035
103 0.500033
104 0.500032
105 0.50003
106 0.500028
107 0.500027
108 0.500025
109 0.500024
110 0.500022
111 0.500021
112 0.500019
113 0.500017
114 0.500016
115 0.500014
116 0.500013
117 0.500011
118 0.50001
119 0.500008
120 0.500007
121 0.500005
122 0.500003
123 0.500002
124 0.5
125 0.499999
126 0.499997
127 0.499996
128 0.499994
129 0.499993
130 0.499991
131 0.499989
132 0.499988
133 0.499986
134 0.499985
135 0.499983
136 0.499982
137 0.49998
138 0.499979
139 0.499977
140 0.499976
141 0.499974
142 0.499973
143 0.499971
144 0.499969
145 0.499968
146 0.499966
147 0.499965
148 0.499963
149 0.499962
150 0.49996
151 0.499959
152 0.499957
153 0.499956
154 0.499954
155 0.499953
156 0.499951
157 0.49995
158 0.499948
159 0.499946
160 0.499945
161 0.499943
162 0.499942
163 0.49994
164 0.499939
165 0.499937
166 0.499936
167 0.499934
168 0.499933
169 0.499931
170 0.49993
171 0.499928
172 0.499927
173 0.499925
174 0.499923
175 0.499922
176 0.49992
177 0.499919
178 0.499917
179 0.499916
180 0.499914
181 0.499913
182 0.499911
183 0.49991
184 0.499908
185 0.499907
186 0.499905
187 0.499903
188 0.499902
189 0.4999
190 0.499899
191 0.499897
192 0.499896
193 0.499894
194 0.499893
195 0.499891
196 0.499889
197 0.499888
198 0.499886
199 0.499885
200 0.499883
201 0.499882
202 0.49988
203 0.499878
204 0.499877
205 0.499875
206 0.499874
207 0.499872
208 0.499871
209 0.499869
210 0.499867
211 0.499866
212 0.499864
213 0.499863
214 0.499861
215 0.499859
216 0.499858
217 0.499856
218 0.499855
219 0.499853
220 0.499851
221 0.49985
222 0.499848
223 0.499847
224 0.499845
225 0.499843
226 0.499842
227 0.49984
228 0.499838
229 0.499837
230 0.499835
231 0.499833
232 0.499832
233 0.49983
234 0.499829
235 0.499827
236 0.499825
237 0.499824
238 0.499822
239 0.49982
240 0.499819
241 0.499817
242 0.499815
243 0.499814
244 0.499812
245 0.49981
246 0.499808
247 0.499807
248 0.499805
249 0.499803
250 0.499802
251 0.4998
252 0.499798
253 0.499797
254 0.499795
255 0.499793
256 0.499791
257 0.49979
258 0.499788
259 0.499786
260 0.499784
261 0.499783
262 0.499781
263 0.499779
264 0.499777
265 0.499776
266 0.499774
267 0.499772
268 0.49977
269 0.499768
270 0.499767
271 0.499765
272 0.499763
273 0.499761
274 0.499759
275 0.499758
276 0.499756
277 0.499754
278 0.499752
279 0.49975
280 0.499748
281 0.499746
282 0.499745
283 0.499743
284 0.499741
285 0.499739
286 0.499737
287 0.499735
288 0.499733
289 0.499731
290 0.499729
291 0.499728
292 0.499726
293 0.499724
294 0.499722
295 0.49972
296 0.499718
297 0.499716
298 0.499714
299 0.499712
300 0.49971
301 0.499708
302 0.499706
303 0.499704
304 0.499702
305 0.4997
306 0.499698
307 0.499696
308 0.499694
309 0.499692
310 0.49969
311 0.499688
312 0.499686
313 0.499684
314 0.499682
315 0.49968
316 0.499677
317 0.499675
318 0.499673
319 0.499671
320 0.499669
321 0.499667
322 0.499665
323 0.499663
324 0.49966
325 0.499658
326 0.499656
327 0.499654
328 0.499652
329 0.499649
330 0.499647
331 0.499645
332 0.499643
333 0.499641
334 0.499638
335 0.499636
336 0.499634
337 0.499631
338 0.499629
339 0.499627
340 0.499625
341 0.499622
342 0.49962
343 0.499618
344 0.499615
345 0.499613
346 0.499611
347 0.499608
348 0.499606
349 0.499603
350 0.499601
351 0.499599
352 0.499596
353 0.499594
354 0.499591
355 0.499589
356 0.499586
357 0.499584
358 0.499581
359 0.499579
360 0.499576
361 0.499574
362 0.499571
363 0.499569
364 0.499566
365 0.499563
366 0.499561
367 0.499558
368 0.499556
369 0.499553
370 0.49955
371 0.499548
372 0.499545
373 0.499542
374 0.49954
375 0.499537
376 0.499534
377 0.499531
378 0.499529
379 0.499526
380 0.499523
381 0.49952
382 0.499518
383 0.499515
384 0.499512
385 0.499509
386 0.499506
387 0.499503
388 0.4995
389 0.499498
390 0.499495
391 0.499492
392 0.499489
393 0.499486
394 0.499483
395 0.49948
396 0.499477
397 0.499474
398 0.499471
399 0.499468
400 0.499464
401 0.499461
402 0.499458
403 0.499455
404 0.499452
405 0.499449
406 0.499446
407 0.499442
408 0.499439
409 0.499436
410 0.499433
411 0.499429
412 0.499426
413 0.499423
414 0.499419
415 0.499416
416 0.499413
417 0.499409
418 0.499406
419 0.499402
420 0.499399
421 0.499396
422 0.499392
423 0.499389
424 0.499385
425 0.499381
426 0.499378
427 0.499374
428 0.499371
429 0.499367
430 0.499363
431 0.49936
432 0.499356
433 0.499352
434 0.499349
435 0.499345
436 0.499341
437 0.499337
438 0.499333
439 0.499329
440 0.499326
441 0.499322
442 0.499318
443 0.499314
444 0.49931
445 0.499306
446 0.499302
447 0.499298
448 0.499294
449 0.49929
450 0.499285
451 0.499281
452 0.499277
453 0.499273
454 0.499269
455 0.499264
456 0.49926
457 0.499256
458 0.499251
459 0.499247
460 0.499243
461 0.499238
462 0.499234
463 0.499229
464 0.499225
465 0.49922
466 0.499216
467 0.499211
468 0.499206
469 0.499202
470 0.499197
471 0.499192
472 0.499187
473 0.499183
474 0.499178
475 0.499173
476 0.499168
477 0.499163
478 0.499158
479 0.499153
480 0.499148
481 0.499143
482 0.499138
483 0.499133
484 0.499128
485 0.499123
486 0.499117
487 0.499112
488 0.499107
489 0.499101
490 0.499096
491 0.499091
492 0.499085
493 0.49908
494 0.499074
495 0.499069
496 0.499063
497 0.499057
498 0.499052
499 0.499046
500 0.49904
501 0.499034
502 0.499028
503 0.499023
504 0.499017
505 0.499011
506 0.499005
507 0.498998
508 0.498992
509 0.498986
510 0.49898
511 0.498974
512 0.498967
513 0.498961
514 0.498955
515 0.498948
516 0.498942
517 0.498935
518 0.498929
519 0.498922
520 0.498915
521 0.498909
522 0.498902
523 0.498895
524 0.498888
525 0.498881
526 0.498874
527 0.498867
528 0.49886
529 0.498853
530 0.498846
531 0.498839
532 0.498831
533 0.498824
534 0.498817
535 0.498809
536 0.498802
537 0.498794
538 0.498786
539 0.498779
540 0.498771
541 0.498763
542 0.498755
543 0.498747
544 0.498739
545 0.498731
546 0.498723
547 0.498715
548 0.498706
549 0.498698
550 0.49869
551 0.498681
552 0.498673
553 0.498664
554 0.498655
555 0.498647
556 0.498638
557 0.498629
558 0.49862
559 0.498611
560 0.498602
561 0.498593
562 0.498583
563 0.498574
564 0.498565
565 0.498555
566 0.498546
567 0.498536
568 0.498526
569 0.498516
570 0.498507
571 0.498497
572 0.498487
573 0.498476
574 0.498466
575 0.498456
576 0.498446
577 0.498435
578 0.498425
579 0.498414
580 0.498403
581 0.498392
582 0.498381
583 0.49837
584 0.498359
585 0.498348
586 0.498337
587 0.498325
588 0.498314
589 0.498302
590 0.498291
591 0.498279
592 0.498267
593 0.498255
594 0.498243
595 0.498231
596 0.498219
597 0.498206
598 0.498194
599 0.498181
600 0.498168
601 0.498155
602 0.498142
603 0.498129
604 0.498116
605 0.498103
606 0.498089
607 0.498076
608 0.498062
609 0.498048
610 0.498035
611 0.49802
612 0.498006
613 0.497992
614 0.497978
615 0.497963
616 0.497948
617 0.497934
618 0.497919
619 0.497904
620 0.497888
621 0.497873
622 0.497858
623 0.497842
624 0.497826
625 0.49781
626 0.497794
627 0.497778
628 0.497762
629 0.497745
630 0.497729
631 0.497712
632 0.497695
633 0.497678
634 0.49766
635 0.497643
636 0.497625
637 0.497608
638 0.49759
639 0.497571
640 0.497553
641 0.497535
642 0.497516
643 0.497497
644 0.497478
645 0.497459
646 0.49744
647 0.49742
648 0.497401
649 0.497381
650 0.497361
651 0.497341
652 0.49732
653 0.497299
654 0.497279
655 0.497258
656 0.497236
657 0.497215
658 0.497193
659 0.497171
660 0.497149
661 0.497127
662 0.497104
663 0.497082
664 0.497059
665 0.497036
666 0.497012
667 0.496989
668 0.496965
669 0.496941
670 0.496916
671 0.496892
672 0.496867
673 0.496842
674 0.496817
675 0.496791
676 0.496766
677 0.496739
678 0.496713
679 0.496687
680 0.49666
681 0.496633
682 0.496605
683 0.496578
684 0.49655
685 0.496522
686 0.496493
687 0.496465
688 0.496436
689 0.496406
690 0.496377
691 0.496347
692 0.496317
693 0.496286
694 0.496255
695 0.496224
696 0.496193
697 0.496161
698 0.496129
699 0.496096
700 0.496064
701 0.496031
702 0.495997
703 0.495964
704 0.49593
705 0.495895
706 0.49586
707 0.495825
708 0.49579
709 0.495754
710 0.495718
711 0.495681
712 0.495644
713 0.495607
714 0.495569
715 0.495531
716 0.495493
717 0.495454
718 0.495415
719 0.495375
720 0.495335
721 0.495294
722 0.495253
723 0.495212
724 0.49517
725 0.495128
726 0.495086
727 0.495043
728 0.494999
729 0.494955
730 0.494911
731 0.494866
732 0.494821
733 0.494775
734 0.494728
735 0.494682
736 0.494635
737 0.494587
738 0.494539
739 0.49449
740 0.494441
741 0.494391
742 0.494341
743 0.49429
744 0.494239
745 0.494187
746 0.494134
747 0.494082
748 0.494028
749 0.493974
750 0.493919
751 0.493864
752 0.493809
753 0.493752
754 0.493695
755 0.493638
756 0.49358
757 0.493521
758 0.493462
759 0.493402
760 0.493341
761 0.49328
762 0.493218
763 0.493156
764 0.493093
765 0.493029
766 0.492965
767 0.4929
768 0.492834
769 0.492768
770 0.4927
771 0.492633
772 0.492564
773 0.492495
774 0.492425
775 0.492354
776 0.492283
777 0.492211
778 0.492138
779 0.492064
780 0.49199
781 0.491914
782 0.491839
783 0.491762
784 0.491684
785 0.491606
786 0.491527
787 0.491447
788 0.491366
789 0.491284
790 0.491202
791 0.491119
792 0.491034
793 0.490949
794 0.490864
795 0.490777
796 0.490689
797 0.490601
798 0.490511
799 0.490421
800 0.490329
801 0.490237
802 0.490144
803 0.49005
804 0.489955
805 0.489859
806 0.489762
807 0.489664
808 0.489565
809 0.489465
810 0.489364
811 0.489262
812 0.489159
813 0.489055
814 0.488949
815 0.488843
816 0.488736
817 0.488628
818 0.488518
819 0.488408
820 0.488296
821 0.488183
822 0.48807
823 0.487955
824 0.487838
825 0.487721
826 0.487603
827 0.487483
828 0.487362
829 0.48724
830 0.487117
831 0.486993
832 0.486867
833 0.48674
834 0.486612
835 0.486483
836 0.486352
837 0.48622
838 0.486087
839 0.485953
840 0.485817
841 0.48568
842 0.485541
843 0.485402
844 0.48526
845 0.485118
846 0.484974
847 0.484829
848 0.484682
849 0.484534
850 0.484384
851 0.484233
852 0.484081
853 0.483927
854 0.483772
855 0.483615
856 0.483457
857 0.483297
858 0.483135
859 0.482973
860 0.482808
861 0.482642
862 0.482474
863 0.482305
864 0.482134
865 0.481962
866 0.481788
867 0.481612
868 0.481435
869 0.481256
870 0.481075
871 0.480892
872 0.480708
873 0.480522
874 0.480335
875 0.480145
876 0.479954
877 0.479761
878 0.479566
879 0.479369
880 0.47917
881 0.47897
882 0.478767
883 0.478563
884 0.478356
885 0.478148
886 0.477938
887 0.477726
888 0.477511
889 0.477295
890 0.477076
891 0.476856
892 0.476633
893 0.476408
894 0.476181
895 0.475952
896 0.475721
897 0.475487
898 0.475251
899 0.475013
900 0.474772
901 0.474529
902 0.474284
903 0.474036
904 0.473786
905 0.473534
906 0.473278
907 0.473021
908 0.47276
909 0.472498
910 0.472232
911 0.471964
912 0.471693
913 0.471419
914 0.471142
915 0.470863
916 0.470581
917 0.470295
918 0.470007
919 0.469716
920 0.469421
921 0.469124
922 0.468823
923 0.468519
924 0.468212
925 0.467902
926 0.467588
927 0.46727
928 0.466949
929 0.466625
930 0.466297
931 0.465965
932 0.46563
933 0.465291
934 0.464947
935 0.4646
936 0.464249
937 0.463894
938 0.463534
939 0.463171
940 0.462803
941 0.46243
942 0.462053
943 0.461672
944 0.461286
945 0.460895
946 0.460499
947 0.460098
948 0.459693
949 0.459282
950 0.458866
951 0.458444
952 0.458018
953 0.457585
954 0.457147
955 0.456704
956 0.456254
957 0.455799
958 0.455337
959 0.454869
960 0.454395
961 0.453915
962 0.453428
963 0.452934
964 0.452433
965 0.451926
966 0.451411
967 0.45089
968 0.450361
969 0.449825
970 0.449281
971 0.448729
972 0.44817
973 0.447602
974 0.447027
975 0.446443
976 0.445851
977 0.445251
978 0.444642
979 0.444025
980 0.443398
981 0.442763
982 0.442118
983 0.441465
984 0.440802
985 0.440129
986 0.439448
987 0.438756
988 0.438055
989 0.437344
990 0.436624
991 0.435893
992 0.435152
993 0.434402
994 0.433641
995 0.43287
996 0.432089
997 0.431297
998 0.430496
999 0.429684
1000 0.428862
1001 0.42803
1002 0.427187
1003 0.426335
1004 0.425472
1005 0.4246
1006 0.423717
1007 0.422825
1008 0.421923
1009 0.421012
1010 0.420091
1011 0.419161
1012 0.418222
1013 0.417274
1014 0.416317
1015 0.415352
1016 0.414379
1017 0.413398
1018 0.41241
1019 0.411414
1020 0.410411
1021 0.409402
1022 0.408386
1023 0.407364
1024 0.406337
1025 0.405304
1026 0.404267
1027 0.403226
1028 0.40218
1029 0.401131
1030 0.400079
1031 0.399024
1032 0.397966
1033 0.396908
1034 0.395848
1035 0.394787
1036 0.393725
1037 0.392664
1038 0.391603
1039 0.390544
1040 0.389486
1041 0.388429
1042 0.387376
1043 0.386325
1044 0.385277
1045 0.384233
1046 0.383193
1047 0.382157
1048 0.381126
1049 0.380101
1050 0.379081
1051 0.378066
1052 0.377058
1053 0.376057
1054 0.375062
1055 0.374074
1056 0.373094
1057 0.372121
1058 0.371155
1059 0.370198
1060 0.369248
1061 0.368307
1062 0.367374
1063 0.366449
1064 0.365533
1065 0.364625
1066 0.363725
1067 0.362835
1068 0.361952
1069 0.361078
1070 0.360213
1071 0.359356
1072 0.358507
1073 0.357666
1074 0.356833
1075 0.356008
1076 0.355191
1077 0.354381
1078 0.353579
1079 0.352783
1080 0.351994
1081 0.351212
1082 0.350437
1083 0.349667
1084 0.348903
1085 0.348144
1086 0.347391
1087 0.346642
1088 0.345897
1089 0.345156
1090 0.344419
1091 0.343685
1092 0.342954
1093 0.342225
1094 0.341498
1095 0.340772
1096 0.340046
1097 0.339321
1098 0.338596
1099 0.33787
1100 0.337143
1101 0.336414
1102 0.335682
1103 0.334947
1104 0.334208
1105 0.333464
1106 0.332716
1107 0.331961
1108 0.3312
1109 0.330432
1110 0.329655
1111 0.328869
1112 0.328073
1113 0.327266
1114 0.326448
1115 0.325617
1116 0.324773
1117 0.323913
1118 0.323039
1119 0.322147
1120 0.321237
1121 0.320308
1122 0.319359
1123 0.318389
1124 0.317395
1125 0.316377
1126 0.315333
1127 0.314262
1128 0.313162
1129 0.312032
1130 0.31087
1131 0.309674
1132 0.308443
1133 0.307174
1134 0.305867
1135 0.304518
1136 0.303125
1137 0.301688
1138 0.300203
1139 0.298669
1140 0.297082
1141 0.295442
1142 0.293744
1143 0.291988
1144 0.290171
1145 0.288289
1146 0.286341
1147 0.284323
1148 0.282234
1149 0.280072
1150 0.277832
1151 0.275514
1152 0.273114
1153 0.27063
1154 0.268061
1155 0.265405
1156 0.262659
1157 0.259822
1158 0.256894
1159 0.253873
1160 0.250758
1161 0.247551
1162 0.244251
1163 0.24086
1164 0.23738
1165 0.233812
1166 0.23016
1167 0.226428
1168 0.22262
1169 0.218741
1170 0.214798
1171 0.210797
1172 0.206745
1173 0.202651
1174 0.198522
1175 0.194367
1176 0.190195
1177 0.186016
1178 0.181839
1179 0.177673
1180 0.173526
1181 0.169408
1182 0.165328
1183 0.161292
1184 0.157309
1185 0.153385
1186 0.149526
1187 0.145739
1188 0.142026
1189 0.138394
1190 0.134845
1191 0.131381
1192 0.128005
1193 0.124719
1194 0.121523
1195 0.118418
1196 0.115403
1197 0.112479
1198 0.109644
1199 0.106897
1200 0.104236
1201 0.101661
1202 0.0991687
1203 0.0967577
1204 0.0944257
1205 0.0921705
1206 0.0899899
1207 0.0878814
1208 0.0858428
1209 0.0838717
1210 0.0819658
1211 0.0801228
1212 0.0783405
1213 0.0766166
1214 0.074949
1215 0.0733356
1216 0.0717743
1217 0.0702631
1218 0.0688002
1219 0.0673837
1220 0.0660118
1221 0.0646827
1222 0.063395
1223 0.0621469
1224 0.0609369
1225 0.0597636
1226 0.0586256
1227 0.0575216
1228 0.0564502
1229 0.0554102
1230 0.0544005
1231 0.05342
1232 0.0524675
1233 0.051542
1234 0.0506425
1235 0.0497681
1236 0.0489178
1237 0.0480909
1238 0.0472864
1239 0.0465036
1240 0.0457418
1241 0.0450001
1242 0.0442778
1243 0.0435744
1244 0.0428892
1245 0.0422215
1246 0.0415707
1247 0.0409363
1248 0.0403178
1249 0.0397146
1250 0.0391262
1251 0.0385521
1252 0.037992
1253 0.0374452
1254 0.0369114
1255 0.0363902
1256 0.0358812
1257 0.035384
1258 0.0348983
1259 0.0344237
1260 0.0339598
1261 0.0335063
1262 0.0330629
1263 0.0326294
1264 0.0322054
1265 0.0317906
1266 0.0313848
1267 0.0309877
1268 0.030599
1269 0.0302186
1270 0.0298461
1271 0.0294814
1272 0.0291242
1273 0.0287744
1274 0.0284317
1275 0.0280959
1276 0.0277668
1277 0.0274443
1278 0.0271282
1279 0.0268182
1280 0.0265143
1281 0.0262163
1282 0.025924
1283 0.0256373
1284 0.025356
1285 0.02508
1286 0.0248091
1287 0.0245433
1288 0.0242824
1289 0.0240262
1290 0.0237747
1291 0.0235277
1292 0.0232852
1293 0.0230469
1294 0.0228129
1295 0.022583
1296 0.022357
1297 0.022135
1298 0.0219169
1299 0.0217024
1300 0.0214916
1301 0.0212843
1302 0.0210805
1303 0.0208801
1304 0.020683
1305 0.0204892
1306 0.0202985
1307 0.0201109
1308 0.0199264
1309 0.0197447
1310 0.019566
1311 0.0193901
1312 0.019217
1313 0.0190466
1314 0.0188788
1315 0.0187136
1316 0.018551
1317 0.0183908
1318 0.018233
1319 0.0180777
1320 0.0179246
1321 0.0177738
1322 0.0176253
1323 0.0174789
1324 0.0173347
1325 0.0171926
1326 0.0170525
1327 0.0169145
1328 0.0167784
1329 0.0166442
1330 0.016512
1331 0.0163816
1332 0.016253
1333 0.0161262
1334 0.0160011
1335 0.0158778
1336 0.0157561
1337 0.0156361
1338 0.0155177
1339 0.0154009
1340 0.0152857
1341 0.015172
1342 0.0150598
1343 0.014949
1344 0.0148397
1345 0.0147319
1346 0.0146254
1347 0.0145203
1348 0.0144165
1349 0.014314
1350 0.0142129
1351 0.014113
1352 0.0140144
1353 0.0139169
1354 0.0138207
1355 0.0137257
1356 0.0136319
1357 0.0135392
1358 0.0134476
1359 0.0133571
1360 0.0132677
1361 0.0131794
1362 0.0130921
1363 0.0130059
1364 0.0129206
1365 0.0128364
1366 0.0127532
1367 0.0126709
1368 0.0125896
1369 0.0125092
1370 0.0124297
1371 0.0123511
1372 0.0122734
1373 0.0121966
1374 0.0121207
1375 0.0120455
1376 0.0119713
1377 0.0118978
1378 0.0118252
1379 0.0117533
1380 0.0116823
1381 0.011612
1382 0.0115425
1383 0.0114737
1384 0.0114056
1385 0.0113383
1386 0.0112717
1387 0.0112058
1388 0.0111406
1389 0.011076
1390 0.0110122
1391 0.010949
1392 0.0108864
1393 0.0108245
1394 0.0107633
1395 0.0107026
1396 0.0106426
1397 0.0105832
1398 0.0105243
1399 0.0104661
1400 0.0104084
1401 0.0103513
1402 0.0102948
1403 0.0102388
1404 0.0101834
1405 0.0101286
1406 0.0100742
1407 0.0100204
1408 0.00996709
1409 0.0099143
1410 0.00986202
1411 0.00981023
1412 0.00975893
1413 0.00970812
1414 0.00965779
1415 0.00960792
1416 0.00955853
1417 0.00950959
1418 0.0094611
1419 0.00941306
1420 0.00936546
1421 0.00931829
1422 0.00927156
1423 0.00922525
1424 0.00917935
1425 0.00913387
1426 0.0090888
1427 0.00904413
1428 0.00899985
1429 0.00895597
1430 0.00891248
1431 0.00886936
1432 0.00882663
1433 0.00878427
1434 0.00874227
1435 0.00870064
1436 0.00865937
1437 0.00861845
1438 0.00857788
1439 0.00853766
1440 0.00849778
1441 0.00845824
1442 0.00841903
1443 0.00838015
1444 0.00834159
1445 0.00830336
1446 0.00826544
1447 0.00822784
1448 0.00819055
1449 0.00815357
1450 0.00811688
1451 0.0080805
1452 0.00804441
1453 0.00800862
1454 0.00797311
1455 0.00793789
1456 0.00790296
1457 0.0078683
1458 0.00783391
1459 0.0077998
1460 0.00776596
1461 0.00773239
1462 0.00769908
1463 0.00766603
1464 0.00763323
1465 0.0076007
1466 0.00756841
1467 0.00753637
1468 0.00750458
1469 0.00747304
1470 0.00744173
1471 0.00741066
1472 0.00737983
1473 0.00734923
1474 0.00731887
1475 0.00728873
1476 0.00725881
1477 0.00722912
1478 0.00719965
1479 0.0071704
1480 0.00714136
1481 0.00711254
1482 0.00708393
1483 0.00705553
1484 0.00702733
1485 0.00699935
1486 0.00697156
1487 0.00694397
1488 0.00691659
1489 0.0068894
1490 0.0068624
1491 0.0068356
1492 0.00680898
1493 0.00678256
1494 0.00675632
1495 0.00673027
1496 0.0067044
1497 0.00667871
1498 0.0066532
1499 0.00662787
1500 0.00660271
1501 0.00657773
1502 0.00655292
1503 0.00652828
1504 0.00650381
1505 0.00647951
1506 0.00645537
1507 0.00643139
1508 0.00640758
1509 0.00638393
1510 0.00636044
1511 0.0063371
1512 0.00631392
1513 0.0062909
1514 0.00626802
1515 0.0062453
1516 0.00622273
1517 0.00620031
1518 0.00617804
1519 0.00615591
1520 0.00613393
1521 0.00611209
1522 0.00609039
1523 0.00606883
1524 0.00604741
1525 0.00602613
1526 0.00600499
1527 0.00598398
1528 0.0059631
1529 0.00594236
1530 0.00592175
1531 0.00590127
1532 0.00588092
1533 0.0058607
1534 0.0058406
1535 0.00582063
1536 0.00580079
1537 0.00578107
1538 0.00576147
1539 0.00574199
1540 0.00572263
1541 0.00570339
1542 0.00568427
1543 0.00566527
1544 0.00564638
1545 0.00562761
1546 0.00560895
1547 0.0055904
1548 0.00557197
1549 0.00555365
1550 0.00553543
1551 0.00551733
1552 0.00549934
1553 0.00548145
1554 0.00546367
1555 0.00544599
1556 0.00542842
1557 0.00541095
1558 0.00539358
1559 0.00537632
1560 0.00535916
1561 0.00534209
1562 0.00532513
1563 0.00530827
1564 0.0052915
1565 0.00527483
1566 0.00525825
1567 0.00524177
1568 0.00522539
1569 0.0052091
1570 0.0051929
1571 0.00517679
1572 0.00516078
1573 0.00514485
1574 0.00512902
1575 0.00511327
1576 0.00509762
1577 0.00508205
1578 0.00506656
1579 0.00505117
1580 0.00503586
1581 0.00502063
1582 0.00500549
1583 0.00499043
1584 0.00497546
1585 0.00496056
1586 0.00494575
1587 0.00493102
1588 0.00491637
1589 0.0049018
1590 0.00488731
1591 0.0048729
1592 0.00485856
1593 0.0048443
1594 0.00483012
1595 0.00481602
1596 0.00480199
1597 0.00478803
1598 0.00477415
1599 0.00476034
1600 0.00474661
1601 0.00473295
1602 0.00471936
1603 0.00470584
1604 0.00469239
1605 0.00467901
1606 0.0046657
1607 0.00465247
1608 0.0046393
1609 0.0046262
1610 0.00461316
1611 0.0046002
1612 0.0045873
1613 0.00457446
1614 0.0045617
1615 0.00454899
1616 0.00453636
1617 0.00452378
1618 0.00451128
1619 0.00449883
1620 0.00448645
1621 0.00447413
1622 0.00446187
1623 0.00444967
1624 0.00443753
1625 0.00442546
1626 0.00441344
1627 0.00440149
1628 0.00438959
1629 0.00437776
1630 0.00436598
1631 0.00435426
1632 0.00434259
1633 0.00433099
1634 0.00431944
1635 0.00430795
1636 0.00429651
1637 0.00428513
1638 0.00427381
1639 0.00426254
1640 0.00425132
1641 0.00424016
1642 0.00422905
1643 0.00421799
1644 0.00420699
1645 0.00419604
1646 0.00418515
1647 0.0041743
1648 0.00416351
1649 0.00415277
1650 0.00414207
1651 0.00413143
1652 0.00412084
1653 0.0041103
1654 0.00409981
1655 0.00408937
1656 0.00407897
1657 0.00406863
1658 0.00405833
1659 0.00404808
1660 0.00403788
1661 0.00402772
1662 0.00401762
1663 0.00400755
1664 0.00399754
1665 0.00398757
1666 0.00397765
1667 0.00396777
1668 0.00395793
1669 0.00394815
1670 0.0039384
1671 0.0039287
1672 0.00391904
1673 0.00390943
1674 0.00389986
1675 0.00389034
1676 0.00388085
1677 0.00387141
1678 0.00386201
1679 0.00385265
1680 0.00384334
1681 0.00383406
1682 0.00382483
1683 0.00381564
1684 0.00380649
1685 0.00379737
1686 0.0037883
1687 0.00377927
1688 0.00377028
1689 0.00376133
1690 0.00375241
1691 0.00374354
1692 0.0037347
1693 0.0037259
1694 0.00371714
1695 0.00370842
1696 0.00369973
1697 0.00369109
1698 0.00368248
1699 0.0036739
1700 0.00366537
1701 0.00365686
1702 0.0036484
1703 0.00363997
1704 0.00363158
1705 0.00362322
1706 0.0036149
1707 0.00360661
1708 0.00359836
1709 0.00359015
1710 0.00358196
1711 0.00357381
1712 0.0035657
1713 0.00355762
1714 0.00354957
1715 0.00354156
1716 0.00353358
1717 0.00352563
1718 0.00351772
1719 0.00350984
1720 0.00350199
1721 0.00349417
1722 0.00348638
1723 0.00347863
1724 0.00347091
1725 0.00346322
1726 0.00345556
1727 0.00344793
1728 0.00344034
1729 0.00343277
1730 0.00342524
1731 0.00341773
1732 0.00341026
1733 0.00340281
1734 0.0033954
1735 0.00338801
1736 0.00338066
1737 0.00337333
1738 0.00336604
1739 0.00335877
1740 0.00335153
1741 0.00334432
1742 0.00333714
1743 0.00332998
1744 0.00332286
1745 0.00331576
1746 0.00330869
1747 0.00330165
1748 0.00329463
1749 0.00328765
1750 0.00328069
1751 0.00327376
1752 0.00326685
1753 0.00325997
1754 0.00325312
1755 0.00324629
1756 0.00323949
1757 0.00323272
1758 0.00322597
1759 0.00321925
1760 0.00321256
1761 0.00320589
1762 0.00319924
1763 0.00319262
1764 0.00318603
1765 0.00317946
1766 0.00317292
1767 0.0031664
1768 0.0031599
1769 0.00315343
1770 0.00314699
1771 0.00314057
1772 0.00313417
1773 0.0031278
1774 0.00312145
1775 0.00311512
1776 0.00310882
1777 0.00310254
1778 0.00309629
1779 0.00309005
1780 0.00308384
1781 0.00307766
1782 0.00307149
1783 0.00306535
1784 0.00305924
1785 0.00305314
1786 0.00304707
1787 0.00304102
1788 0.00303499
1789 0.00302898
1790 0.003023
1791 0.00301703
1792 0.00301109
1793 0.00300517
1794 0.00299927
1795 0.00299339
1796 0.00298754
1797 0.0029817
1798 0.00297589
1799 0.0029701
1800 0.00296432
1801 0.00295857
1802 0.00295284
1803 0.00294713
1804 0.00294144
1805 0.00293577
1806 0.00293012
1807 0.00292449
1808 0.00291888
1809 0.00291329
1810 0.00290772
1811 0.00290217
1812 0.00289663
1813 0.00289112
1814 0.00288563
1815 0.00288016
1816 0.0028747
1817 0.00286927
1818 0.00286385
1819 0.00285845
1820 0.00285307
1821 0.00284771
1822 0.00284237
1823 0.00283705
1824 0.00283174
1825 0.00282646
1826 0.00282119
1827 0.00281594
1828 0.0028107
1829 0.00280549
1830 0.00280029
1831 0.00279511
1832 0.00278995
1833 0.00278481
1834 0.00277968
1835 0.00277457
1836 0.00276948
1837 0.00276441
1838 0.00275935
1839 0.00275431
1840 0.00274928
1841 0.00274428
1842 0.00273929
1843 0.00273432
1844 0.00272936
1845 0.00272442
1846 0.0027195
1847 0.00271459
1848 0.0027097
1849 0.00270482
1850 0.00269997
1851 0.00269512
1852 0.0026903
1853 0.00268549
1854 0.00268069
1855 0.00267591
1856 0.00267115
1857 0.0026664
1858 0.00266167
1859 0.00265696
1860 0.00265225
1861 0.00264757
1862 0.0026429
1863 0.00263824
1864 0.0026336
1865 0.00262898
1866 0.00262437
1867 0.00261977
1868 0.00261519
1869 0.00261063
1870 0.00260608
1871 0.00260154
1872 0.00259702
1873 0.00259251
1874 0.00258802
1875 0.00258354
1876 0.00257908
1877 0.00257463
1878 0.00257019
1879 0.00256577
1880 0.00256136
1881 0.00255697
1882 0.00255259
1883 0.00254822
1884 0.00254387
1885 0.00253953
1886 0.00253521
1887 0.00253089
1888 0.0025266
1889 0.00252231
1890 0.00251804
1891 0.00251378
1892 0.00250954
1893 0.00250531
1894 0.00250109
1895 0.00249688
1896 0.00249269
1897 0.00248851
1898 0.00248435
1899 0.0024802
1900 0.00247605
1901 0.00247193
1902 0.00246781
1903 0.00246371
1904 0.00245962
1905 0.00245554
1906 0.00245148
1907 0.00244743
1908 0.00244339
1909 0.00243936
1910 0.00243534
1911 0.00243134
1912 0.00242735
1913 0.00242337
1914 0.0024194
1915 0.00241545
1916 0.00241151
1917 0.00240757
1918 0.00240365
1919 0.00239975
1920 0.00239585
1921 0.00239197
1922 0.00238809
1923 0.00238423
1924 0.00238038
1925 0.00237655
1926 0.00237272
1927 0.0023689
1928 0.0023651
1929 0.00236131
1930 0.00235753
1931 0.00235376
1932 0.00235
1933 0.00234625
1934 0.00234251
1935 0.00233879
1936 0.00233507
1937 0.00233137
1938 0.00232767
1939 0.00232399
1940 0.00232032
1941 0.00231666
1942 0.00231301
1943 0.00230937
1944 0.00230574
1945 0.00230212
1946 0.00229851
1947 0.00229491
1948 0.00229133
1949 0.00228775
1950 0.00228418
1951 0.00228063
1952 0.00227708
1953 0.00227354
1954 0.00227002
1955 0.0022665
1956 0.002263
1957 0.0022595
1958 0.00225601
1959 0.00225254
1960 0.00224907
1961 0.00224562
1962 0.00224217
1963 0.00223873
1964 0.00223531
1965 0.00223189
1966 0.00222848
1967 0.00222508
1968 0.00222169
1969 0.00221831
1970 0.00221495
1971 0.00221159
1972 0.00220823
1973 0.00220489
1974 0.00220156
1975 0.00219824
1976 0.00219493
1977 0.00219162
1978 0.00218833
1979 0.00218504
1980 0.00218176
1981 0.0021785
1982 0.00217524
1983 0.00217199
1984 0.00216875
1985 0.00216552
1986 0.00216229
1987 0.00215908
1988 0.00215588
1989 0.00215268
1990 0.00214949
1991 0.00214631
1992 0.00214314
1993 0.00213998
1994 0.00213683
1995 0.00213368
1996 0.00213055
1997 0.00212742
1998 0.0021243
1999 0.00212119
2000 0.00211809
2001 0.002115
2002 0.00211191
2003 0.00210883
2004 0.00210577
2005 0.00210271
2006 0.00209965
2007 0.00209661
2008 0.00209357
2009 0.00209055
2010 0.00208753
2011 0.00208451
2012 0.00208151
2013 0.00207852
2014 0.00207553
2015 0.00207255
2016 0.00206958
2017 0.00206661
2018 0.00206366
2019 0.00206071
2020 0.00205777
2021 0.00205484
2022 0.00205191
2023 0.00204899
2024 0.00204608
2025 0.00204318
2026 0.00204029
2027 0.0020374
2028 0.00203452
2029 0.00203165
2030 0.00202879
2031 0.00202593
2032 0.00202308
2033 0.00202024
2034 0.0020174
2035 0.00201458
2036 0.00201176
2037 0.00200894
2038 0.00200614
2039 0.00200334
2040 0.00200055
2041 0.00199777
2042 0.00199499
2043 0.00199222
2044 0.00198946
2045 0.0019867
2046 0.00198395
2047 0.00198121
2048 0.00197848
2049 0.00197575
2050 0.00197303
2051 0.00197032
2052 0.00196761
2053 0.00196491
2054 0.00196222
2055 0.00195953
2056 0.00195686
2057 0.00195418
2058 0.00195152
2059 0.00194886
2060 0.00194621
2061 0.00194356
2062 0.00194092
2063 0.00193829
2064 0.00193566
2065 0.00193305
2066 0.00193043
2067 0.00192783
2068 0.00192523
2069 0.00192263
2070 0.00192005
2071 0.00191747
2072 0.00191489
2073 0.00191233
2074 0.00190977
2075 0.00190721
2076 0.00190466
2077 0.00190212
2078 0.00189959
2079 0.00189706
2080 0.00189453
2081 0.00189202
2082 0.00188951
2083 0.001887
2084 0.0018845
2085 0.00188201
2086 0.00187952
2087 0.00187704
2088 0.00187457
2089 0.0018721
2090 0.00186964
2091 0.00186718
2092 0.00186473
2093 0.00186229
2094 0.00185985
2095 0.00185742
2096 0.00185499
2097 0.00185257
2098 0.00185016
2099 0.00184775
2100 0.00184534
2101 0.00184295
2102 0.00184056
2103 0.00183817
2104 0.00183579
2105 0.00183342
2106 0.00183105
2107 0.00182868
2108 0.00182633
2109 0.00182397
2110 0.00182163
2111 0.00181929
2112 0.00181695
2113 0.00181462
2114 0.0018123
2115 0.00180998
2116 0.00180767
2117 0.00180536
2118 0.00180306
2119 0.00180076
2120 0.00179847
2121 0.00179618
2122 0.0017939
2123 0.00179163
2124 0.00178936
2125 0.00178709
2126 0.00178483
2127 0.00178258
2128 0.00178033
2129 0.00177809
2130 0.00177585
2131 0.00177362
2132 0.00177139
2133 0.00176917
2134 0.00176695
2135 0.00176474
2136 0.00176253
2137 0.00176033
2138 0.00175813
2139 0.00175594
2140 0.00175375
2141 0.00175157
2142 0.00174939
2143 0.00174722
2144 0.00174506
2145 0.00174289
2146 0.00174074
2147 0.00173859
2148 0.00173644
2149 0.0017343
2150 0.00173216
2151 0.00173003
2152 0.0017279
2153 0.00172578
2154 0.00172366
2155 0.00172155
2156 0.00171944
2157 0.00171734
2158 0.00171524
2159 0.00171314
2160 0.00171105
2161 0.00170897
2162 0.00170689
2163 0.00170481
2164 0.00170274
2165 0.00170068
2166 0.00169862
2167 0.00169656
2168 0.00169451
2169 0.00169246
2170 0.00169042
2171 0.00168838
2172 0.00168635
2173 0.00168432
2174 0.00168229
2175 0.00168027
2176 0.00167826
2177 0.00167625
2178 0.00167424
2179 0.00167224
2180 0.00167024
2181 0.00166825
2182 0.00166626
2183 0.00166427
2184 0.00166229
2185 0.00166032
2186 0.00165835
2187 0.00165638
2188 0.00165442
2189 0.00165246
2190 0.00165051
2191 0.00164856
2192 0.00164661
2193 0.00164467
2194 0.00164273
2195 0.0016408
2196 0.00163887
2197 0.00163695
2198 0.00163503
2199 0.00163311
2200 0.0016312
2201 0.00162929
2202 0.00162739
2203 0.00162549
2204 0.00162359
2205 0.0016217
2206 0.00161981
2207 0.00161793
2208 0.00161605
2209 0.00161418
2210 0.0016123
2211 0.00161044
2212 0.00160857
2213 0.00160672
2214 0.00160486
2215 0.00160301
2216 0.00160116
2217 0.00159932
2218 0.00159748
2219 0.00159564
2220 0.00159381
2221 0.00159199
2222 0.00159016
2223 0.00158834
2224 0.00158653
2225 0.00158471
2226 0.00158291
2227 0.0015811
2228 0.0015793
2229 0.0015775
2230 0.00157571
2231 0.00157392
2232 0.00157214
2233 0.00157035
2234 0.00156858
2235 0.0015668
2236 0.00156503
2237 0.00156326
2238 0.0015615
2239 0.00155974
2240 0.00155799
2241 0.00155623
2242 0.00155449
2243 0.00155274
2244 0.001551
2245 0.00154926
2246 0.00154753
2247 0.0015458
2248 0.00154407
2249 0.00154235
2250 0.00154063
2251 0.00153891
2252 0.0015372
2253 0.00153549
2254 0.00153379
2255 0.00153208
2256 0.00153038
2257 0.00152869
2258 0.001527
2259 0.00152531
2260 0.00152363
2261 0.00152194
2262 0.00152027
2263 0.00151859
2264 0.00151692
2265 0.00151525
2266 0.00151359
2267 0.00151193
2268 0.00151027
2269 0.00150862
2270 0.00150697
2271 0.00150532
2272 0.00150368
2273 0.00150204
2274 0.0015004
2275 0.00149876
2276 0.00149713
2277 0.00149551
2278 0.00149388
2279 0.00149226
2280 0.00149064
2281 0.00148903
2282 0.00148742
2283 0.00148581
2284 0.00148421
2285 0.00148261
2286 0.00148101
2287 0.00147941
2288 0.00147782
2289 0.00147623
2290 0.00147465
2291 0.00147306
2292 0.00147149
2293 0.00146991
2294 0.00146834
2295 0.00146677
2296 0.0014652
2297 0.00146364
2298 0.00146208
2299 0.00146052
2300 0.00145896
2301 0.00145741
2302 0.00145587
2303 0.00145432
2304 0.00145278
2305 0.00145124
2306 0.0014497
2307 0.00144817
2308 0.00144664
2309 0.00144511
2310 0.00144359
2311 0.00144207
2312 0.00144055
2313 0.00143903
2314 0.00143752
2315 0.00143601
2316 0.00143451
2317 0.001433
2318 0.0014315
2319 0.00143001
2320 0.00142851
2321 0.00142702
2322 0.00142553
2323 0.00142405
2324 0.00142256
2325 0.00142108
2326 0.0014196
2327 0.00141813
2328 0.00141666
2329 0.00141519
2330 0.00141372
2331 0.00141226
2332 0.0014108
2333 0.00140934
2334 0.00140789
2335 0.00140644
2336 0.00140499
2337 0.00140354
2338 0.0014021
2339 0.00140066
2340 0.00139922
2341 0.00139778
2342 0.00139635
2343 0.00139492
2344 0.00139349
2345 0.00139207
2346 0.00139065
2347 0.00138923
2348 0.00138781
2349 0.0013864
2350 0.00138499
2351 0.00138358
2352 0.00138217
2353 0.00138077
2354 0.00137937
2355 0.00137797
2356 0.00137658
2357 0.00137518
2358 0.00137379
2359 0.00137241
2360 0.00137102
2361 0.00136964
2362 0.00136826
2363 0.00136688
2364 0.00136551
2365 0.00136414
2366 0.00136277
2367 0.0013614
2368 0.00136004
2369 0.00135867
2370 0.00135731
2371 0.00135596
2372 0.0013546
2373 0.00135325
2374 0.0013519
2375 0.00135056
2376 0.00134921
2377 0.00134787
2378 0.00134653
2379 0.0013452
2380 0.00134386
2381 0.00134253
2382 0.0013412
2383 0.00133987
2384 0.00133855
2385 0.00133723
2386 0.00133591
2387 0.00133459
2388 0.00133327
2389 0.00133196
2390 0.00133065
2391 0.00132935
2392 0.00132804
2393 0.00132674
2394 0.00132544
2395 0.00132414
2396 0.00132284
2397 0.00132155
2398 0.00132026
2399 0.00131897
2400 0.00131768
2401 0.0013164
2402 0.00131512
2403 0.00131384
2404 0.00131256
2405 0.00131129
2406 0.00131001
2407 0.00130874
2408 0.00130748
2409 0.00130621
2410 0.00130495
2411 0.00130369
2412 0.00130243
2413 0.00130117
2414 0.00129992
2415 0.00129867
2416 0.00129742
2417 0.00129617
2418 0.00129492
2419 0.00129368
2420 0.00129244
2421 0.0012912
2422 0.00128996
2423 0.00128873
2424 0.0012875
2425 0.00128627
2426 0.00128504
2427 0.00128381
2428 0.00128259
2429 0.00128137
2430 0.00128015
2431 0.00127893
2432 0.00127772
2433 0.00127651
2434 0.0012753
2435 0.00127409
2436 0.00127288
2437 0.00127168
2438 0.00127048
2439 0.00126928
2440 0.00126808
2441 0.00126688
2442 0.00126569
2443 0.0012645
2444 0.00126331
2445 0.00126212
2446 0.00126094
2447 0.00125975
2448 0.00125857
2449 0.00125739
2450 0.00125621
2451 0.00125504
2452 0.00125387
2453 0.0012527
2454 0.00125153
2455 0.00125036
2456 0.0012492
2457 0.00124803
2458 0.00124687
2459 0.00124571
2460 0.00124456
2461 0.0012434
2462 0.00124225
2463 0.0012411
2464 0.00123995
2465 0.0012388
2466 0.00123766
2467 0.00123652
2468 0.00123537
2469 0.00123424
2470 0.0012331
2471 0.00123196
2472 0.00123083
2473 0.0012297
2474 0.00122857
2475 0.00122744
2476 0.00122632
2477 0.00122519
2478 0.00122407
2479 0.00122295
2480 0.00122183
2481 0.00122072
2482 0.0012196
2483 0.00121849
2484 0.00121738
2485 0.00121627
2486 0.00121517
2487 0.00121406
2488 0.00121296
2489 0.00121186
2490 0.00121076
2491 0.00120966
2492 0.00120857
2493 0.00120747
2494 0.00120638
2495 0.00120529
2496 0.0012042
2497 0.00120312
2498 0.00120203
2499 0.00120095
2500 0.00119987
2501 0.00119879
2502 0.00119772
2503 0.00119664
2504 0.00119557
2505 0.00119449
2506 0.00119342
2507 0.00119236
2508 0.00119129
2509 0.00119023
2510 0.00118916
2511 0.0011881
2512 0.00118704
2513 0.00118599
2514 0.00118493
2515 0.00118388
2516 0.00118282
2517 0.00118177
2518 0.00118072
2519 0.00117968
2520 0.00117863
2521 0.00117759
2522 0.00117655
2523 0.00117551
2524 0.00117447
2525 0.00117343
2526 0.0011724
2527 0.00117136
2528 0.00117033
2529 0.0011693
2530 0.00116827
2531 0.00116725
2532 0.00116622
2533 0.0011652
2534 0.00116418
2535 0.00116316
2536 0.00116214
2537 0.00116112
2538 0.00116011
2539 0.00115909
2540 0.00115808
2541 0.00115707
2542 0.00115606
2543 0.00115506
2544 0.00115405
2545 0.00115305
2546 0.00115204
2547 0.00115104
2548 0.00115005
2549 0.00114905
2550 0.00114805
2551 0.00114706
2552 0.00114607
2553 0.00114508
2554 0.00114409
2555 0.0011431
2556 0.00114211
2557 0.00114113
2558 0.00114015
2559 0.00113917
2560 0.00113819
2561 0.00113721
2562 0.00113623
2563 0.00113526
2564 0.00113428
2565 0.00113331
2566 0.00113234
2567 0.00113137
2568 0.00113041
2569 0.00112944
2570 0.00112848
2571 0.00112751
2572 0.00112655
2573 0.00112559
2574 0.00112463
2575 0.00112368
2576 0.00112272
2577 0.00112177
2578 0.00112082
2579 0.00111987
2580 0.00111892
2581 0.00111797
2582 0.00111703
2583 0.00111608
2584 0.00111514
2585 0.0011142
2586 0.00111326
2587 0.00111232
2588 0.00111138
2589 0.00111045
2590 0.00110951
2591 0.00110858
2592 0.00110765
2593 0.00110672
2594 0.00110579
2595 0.00110486
2596 0.00110394
2597 0.00110301
2598 0.00110209
2599 0.00110117
2600 0.00110025
2601 0.00109933
2602 0.00109841
2603 0.0010975
2604 0.00109659
2605 0.00109567
2606 0.00109476
2607 0.00109385
2608 0.00109294
2609 0.00109204
2610 0.00109113
2611 0.00109023
2612 0.00108932
2613 0.00108842
2614 0.00108752
2615 0.00108662
2616 0.00108573
2617 0.00108483
2618 0.00108394
2619 0.00108304
2620 0.00108215
2621 0.00108126
2622 0.00108037
2623 0.00107949
2624 0.0010786
2625 0.00107771
2626 0.00107683
2627 0.00107595
2628 0.00107507
2629 0.00107419
2630 0.00107331
2631 0.00107243
2632 0.00107156
2633 0.00107068
2634 0.00106981
2635 0.00106894
2636 0.00106807
2637 0.0010672
2638 0.00106633
2639 0.00106547
2640 0.0010646
2641 0.00106374
2642 0.00106288
2643 0.00106201
2644 0.00106116
2645 0.0010603
2646 0.00105944
2647 0.00105858
2648 0.00105773
2649 0.00105688
2650 0.00105602
2651 0.00105517
2652 0.00105432
2653 0.00105348
2654 0.00105263
2655 0.00105178
2656 0.00105094
2657 0.0010501
2658 0.00104925
2659 0.00104841
2660 0.00104757
2661 0.00104674
2662 0.0010459
2663 0.00104506
2664 0.00104423
2665 0.0010434
2666 0.00104256
2667 0.00104173
2668 0.0010409
2669 0.00104008
2670 0.00103925
2671 0.00103842
2672 0.0010376
2673 0.00103678
2674 0.00103595
2675 0.00103513
2676 0.00103431
2677 0.00103349
2678 0.00103268
2679 0.00103186
2680 0.00103105
2681 0.00103023
2682 0.00102942
2683 0.00102861
2684 0.0010278
2685 0.00102699
2686 0.00102618
2687 0.00102538
2688 0.00102457
2689 0.00102377
2690 0.00102296
2691 0.00102216
2692 0.00102136
2693 0.00102056
2694 0.00101976
2695 0.00101897
2696 0.00101817
2697 0.00101738
2698 0.00101658
2699 0.00101579
2700 0.001015
2701 0.00101421
2702 0.00101342
2703 0.00101263
2704 0.00101184
2705 0.00101106
2706 0.00101027
2707 0.00100949
2708 0.00100871
2709 0.00100793
2710 0.00100715
2711 0.00100637
2712 0.00100559
2713 0.00100481
2714 0.00100404
2715 0.00100326
2716 0.00100249
2717 0.00100172
2718 0.00100095
2719 0.00100018
2720 0.000999409
2721 0.000998641
2722 0.000997875
2723 0.000997109
2724 0.000996345
2725 0.000995581
2726 0.000994819
2727 0.000994058
2728 0.000993298
2729 0.000992539
2730 0.000991781
2731 0.000991024
2732 0.000990268
2733 0.000989513
2734 0.00098876
2735 0.000988007
2736 0.000987256
2737 0.000986505
2738 0.000985756
2739 0.000985008
2740 0.00098426
2741 0.000983514
2742 0.000982769
2743 0.000982025
2744 0.000981282
2745 0.00098054
2746 0.000979799
2747 0.000979059
2748 0.00097832
2749 0.000977582
2750 0.000976846
2751 0.00097611
2752 0.000975375
2753 0.000974641
2754 0.000973909
2755 0.000973177
2756 0.000972446
2757 0.000971717
2758 0.000970988
2759 0.000970261
2760 0.000969534
2761 0.000968809
2762 0.000968084
2763 0.000967361
2764 0.000966638
2765 0.000965917
2766 0.000965196
2767 0.000964477
2768 0.000963758
2769 0.000963041
2770 0.000962324
2771 0.000961609
2772 0.000960894
2773 0.000960181
2774 0.000959468
2775 0.000958757
2776 0.000958046
2777 0.000957336
2778 0.000956628
2779 0.00095592
2780 0.000955214
2781 0.000954508
2782 0.000953803
2783 0.000953099
2784 0.000952397
2785 0.000951695
2786 0.000950994
2787 0.000950294
2788 0.000949595
2789 0.000948897
2790 0.0009482
2791 0.000947504
2792 0.000946809
2793 0.000946115
2794 0.000945422
2795 0.000944729
2796 0.000944038
2797 0.000943348
2798 0.000942658
2799 0.00094197
2800 0.000941282
2801 0.000940596
2802 0.00093991
2803 0.000939225
2804 0.000938541
2805 0.000937859
2806 0.000937177
2807 0.000936496
2808 0.000935815
2809 0.000935136
2810 0.000934458
2811 0.000933781
2812 0.000933104
2813 0.000932429
2814 0.000931754
2815 0.00093108
2816 0.000930408
2817 0.000929736
2818 0.000929065
2819 0.000928395
2820 0.000927725
2821 0.000927057
2822 0.00092639
2823 0.000925723
2824 0.000925058
2825 0.000924393
2826 0.000923729
2827 0.000923066
2828 0.000922404
2829 0.000921743
2830 0.000921083
2831 0.000920423
2832 0.000919765
2833 0.000919107
2834 0.00091845
2835 0.000917794
2836 0.000917139
2837 0.000916485
2838 0.000915832
2839 0.00091518
2840 0.000914528
2841 0.000913877
2842 0.000913228
2843 0.000912579
2844 0.000911931
2845 0.000911283
2846 0.000910637
2847 0.000909991
2848 0.000909347
2849 0.000908703
2850 0.00090806
2851 0.000907418
2852 0.000906777
2853 0.000906136
2854 0.000905497
2855 0.000904858
2856 0.00090422
2857 0.000903583
2858 0.000902947
2859 0.000902311
2860 0.000901677
2861 0.000901043
2862 0.00090041
2863 0.000899778
2864 0.000899147
2865 0.000898516
2866 0.000897887
2867 0.000897258
2868 0.00089663
2869 0.000896003
2870 0.000895377
2871 0.000894751
2872 0.000894127
2873 0.000893503
2874 0.00089288
2875 0.000892257
2876 0.000891636
2877 0.000891015
2878 0.000890396
2879 0.000889777
2880 0.000889158
2881 0.000888541
2882 0.000887924
2883 0.000887309
2884 0.000886694
2885 0.000886079
2886 0.000885466
2887 0.000884853
2888 0.000884241
2889 0.00088363
2890 0.00088302
2891 0.000882411
2892 0.000881802
2893 0.000881194
2894 0.000880587
2895 0.000879981
2896 0.000879375
2897 0.00087877
2898 0.000878166
2899 0.000877563
2900 0.00087696
2901 0.000876359
2902 0.000875758
2903 0.000875158
2904 0.000874558
2905 0.00087396
2906 0.000873362
2907 0.000872765
2908 0.000872168
2909 0.000871573
2910 0.000870978
2911 0.000870384
2912 0.000869791
2913 0.000869198
2914 0.000868606
2915 0.000868015
2916 0.000867425
2917 0.000866835
2918 0.000866247
2919 0.000865659
2920 0.000865071
2921 0.000864485
2922 0.000863899
2923 0.000863314
2924 0.000862729
2925 0.000862146
2926 0.000861563
2927 0.000860981
2928 0.000860399
2929 0.000859819
2930 0.000859239
2931 0.00085866
2932 0.000858081
2933 0.000857503
2934 0.000856926
2935 0.00085635
2936 0.000855774
2937 0.0008552
2938 0.000854625
2939 0.000854052
2940 0.000853479
2941 0.000852907
2942 0.000852336
2943 0.000851766
2944 0.000851196
2945 0.000850627
2946 0.000850058
2947 0.00084949
2948 0.000848923
2949 0.000848357
2950 0.000847792
2951 0.000847227
2952 0.000846663
2953 0.000846099
2954 0.000845536
2955 0.000844974
2956 0.000844413
2957 0.000843852
2958 0.000843292
2959 0.000842733
2960 0.000842174
2961 0.000841616
2962 0.000841059
2963 0.000840502
2964 0.000839947
2965 0.000839391
2966 0.000838837
2967 0.000838283
2968 0.00083773
2969 0.000837178
2970 0.000836626
2971 0.000836075
2972 0.000835524
2973 0.000834975
2974 0.000834426
2975 0.000833877
2976 0.00083333
2977 0.000832783
2978 0.000832236
2979 0.00083169
2980 0.000831145
2981 0.000830601
2982 0.000830057
2983 0.000829514
2984 0.000828972
2985 0.00082843
2986 0.000827889
2987 0.000827349
2988 0.000826809
2989 0.00082627
2990 0.000825732
2991 0.000825194
2992 0.000824657
2993 0.00082412
2994 0.000823585
2995 0.000823049
2996 0.000822515
2997 0.000821981
2998 0.000821448
2999 0.000820915
3000 0.000820383
3001 0.000819852
3002 0.000819322
3003 0.000818792
3004 0.000818262
3005 0.000817734
3006 0.000817205
3007 0.000816678
3008 0.000816151
3009 0.000815625
3010 0.0008151
3011 0.000814575
3012 0.00081405
3013 0.000813527
3014 0.000813004
3015 0.000812481
3016 0.00081196
3017 0.000811438
3018 0.000810918
3019 0.000810398
3020 0.000809879
3021 0.00080936
3022 0.000808842
3023 0.000808325
3024 0.000807808
3025 0.000807292
3026 0.000806776
3027 0.000806261
3028 0.000805747
3029 0.000805233
3030 0.00080472
3031 0.000804208
3032 0.000803696
3033 0.000803185
3034 0.000802674
3035 0.000802164
3036 0.000801654
3037 0.000801146
3038 0.000800637
3039 0.00080013
3040 0.000799623
3041 0.000799116
3042 0.00079861
3043 0.000798105
3044 0.000797601
3045 0.000797097
3046 0.000796593
3047 0.00079609
3048 0.000795588
3049 0.000795086
3050 0.000794585
3051 0.000794085
3052 0.000793585
3053 0.000793086
3054 0.000792587
3055 0.000792089
3056 0.000791591
3057 0.000791094
3058 0.000790598
3059 0.000790102
3060 0.000789607
3061 0.000789112
3062 0.000788618
3063 0.000788124
3064 0.000787632
3065 0.000787139
3066 0.000786647
3067 0.000786156
3068 0.000785666
3069 0.000785176
3070 0.000784686
3071 0.000784197
3072 0.000783709
3073 0.000783221
3074 0.000782734
3075 0.000782247
3076 0.000781761
3077 0.000781276
3078 0.000780791
3079 0.000780306
3080 0.000779823
3081 0.000779339
3082 0.000778857
3083 0.000778374
3084 0.000777893
3085 0.000777412
3086 0.000776931
3087 0.000776451
3088 0.000775972
3089 0.000775493
3090 0.000775015
3091 0.000774537
3092 0.00077406
3093 0.000773584
3094 0.000773107
3095 0.000772632
3096 0.000772157
3097 0.000771683
3098 0.000771209
3099 0.000770735
3100 0.000770263
3101 0.00076979
3102 0.000769319
3103 0.000768847
3104 0.000768377
3105 0.000767907
3106 0.000767437
3107 0.000766968
3108 0.0007665
3109 0.000766032
3110 0.000765564
3111 0.000765097
3112 0.000764631
3113 0.000764165
3114 0.0007637
3115 0.000763235
3116 0.000762771
3117 0.000762307
3118 0.000761844
3119 0.000761382
3120 0.000760919
3121 0.000760458
3122 0.000759997
3123 0.000759536
3124 0.000759076
3125 0.000758617
3126 0.000758158
3127 0.000757699
3128 0.000757241
3129 0.000756784
3130 0.000756327
3131 0.00075587
3132 0.000755415
3133 0.000754959
3134 0.000754504
3135 0.00075405
3136 0.000753596
3137 0.000753143
3138 0.00075269
3139 0.000752238
3140 0.000751786
3141 0.000751335
3142 0.000750884
3143 0.000750434
3144 0.000749984
3145 0.000749534
3146 0.000749086
3147 0.000748637
3148 0.00074819
3149 0.000747742
3150 0.000747296
3151 0.000746849
3152 0.000746404
3153 0.000745958
3154 0.000745514
3155 0.000745069
3156 0.000744625
3157 0.000744182
3158 0.000743739
3159 0.000743297
3160 0.000742855
3161 0.000742414
3162 0.000741973
3163 0.000741533
3164 0.000741093
3165 0.000740654
3166 0.000740215
3167 0.000739776
3168 0.000739338
3169 0.000738901
3170 0.000738464
3171 0.000738027
3172 0.000737592
3173 0.000737156
3174 0.000736721
3175 0.000736286
3176 0.000735852
3177 0.000735419
3178 0.000734986
3179 0.000734553
3180 0.000734121
3181 0.000733689
3182 0.000733258
3183 0.000732827
3184 0.000732397
3185 0.000731967
3186 0.000731538
3187 0.000731109
3188 0.000730681
3189 0.000730253
3190 0.000729825
3191 0.000729399
3192 0.000728972
3193 0.000728546
3194 0.00072812
3195 0.000727695
3196 0.000727271
3197 0.000726847
3198 0.000726423
3199 0.000726
3200 0.000725577
3201 0.000725154
3202 0.000724733
3203 0.000724311
3204 0.00072389
3205 0.00072347
3206 0.00072305
3207 0.00072263
3208 0.000722211
3209 0.000721792
3210 0.000721374
3211 0.000720956
3212 0.000720539
3213 0.000720122
3214 0.000719706
3215 0.00071929
3216 0.000718874
3217 0.000718459
3218 0.000718045
3219 0.000717631
3220 0.000717217
3221 0.000716804
3222 0.000716391
3223 0.000715978
3224 0.000715566
3225 0.000715155
3226 0.000714744
3227 0.000714333
3228 0.000713923
3229 0.000713513
3230 0.000713104
3231 0.000712695
3232 0.000712287
3233 0.000711879
3234 0.000711471
3235 0.000711064
3236 0.000710658
3237 0.000710251
3238 0.000709846
3239 0.00070944
3240 0.000709035
3241 0.000708631
3242 0.000708227
3243 0.000707823
3244 0.00070742
3245 0.000707017
3246 0.000706615
3247 0.000706213
3248 0.000705811
3249 0.00070541
3250 0.00070501
3251 0.000704609
3252 0.00070421
3253 0.00070381
3254 0.000703411
3255 0.000703013
3256 0.000702615
3257 0.000702217
3258 0.00070182
3259 0.000701423
3260 0.000701027
3261 0.000700631
3262 0.000700235
3263 0.00069984
3264 0.000699445
3265 0.000699051
3266 0.000698657
3267 0.000698263
3268 0.00069787
3269 0.000697478
3270 0.000697085
3271 0.000696694
3272 0.000696302
3273 0.000695911
3274 0.000695521
3275 0.00069513
3276 0.000694741
3277 0.000694351
3278 0.000693962
3279 0.000693574
3280 0.000693186
3281 0.000692798
3282 0.00069241
3283 0.000692023
3284 0.000691637
3285 0.000691251
3286 0.000690865
3287 0.00069048
3288 0.000690095
3289 0.00068971
3290 0.000689326
3291 0.000688943
3292 0.000688559
3293 0.000688176
3294 0.000687794
3295 0.000687412
3296 0.00068703
3297 0.000686649
3298 0.000686268
3299 0.000685887
3300 0.000685507
3301 0.000685127
3302 0.000684748
3303 0.000684369
3304 0.00068399
3305 0.000683612
3306 0.000683234
3307 0.000682857
3308 0.00068248
3309 0.000682103
3310 0.000681727
3311 0.000681351
3312 0.000680976
3313 0.000680601
3314 0.000680226
3315 0.000679852
3316 0.000679478
3317 0.000679104
3318 0.000678731
3319 0.000678359
3320 0.000677986
3321 0.000677614
3322 0.000677243
3323 0.000676871
3324 0.000676501
3325 0.00067613
3326 0.00067576
3327 0.00067539
3328 0.000675021
3329 0.000674652
3330 0.000674284
3331 0.000673915
3332 0.000673547
3333 0.00067318
3334 0.000672813
3335 0.000672446
3336 0.00067208
3337 0.000671714
3338 0.000671348
3339 0.000670983
3340 0.000670618
3341 0.000670254
3342 0.00066989
3343 0.000669526
3344 0.000669163
3345 0.0006688
3346 0.000668437
3347 0.000668075
3348 0.000667713
3349 0.000667352
3350 0.000666991
3351 0.00066663
3352 0.000666269
3353 0.000665909
3354 0.00066555
3355 0.00066519
3356 0.000664831
3357 0.000664473
3358 0.000664115
3359 0.000663757
3360 0.000663399
3361 0.000663042
3362 0.000662685
3363 0.000662329
3364 0.000661973
3365 0.000661617
3366 0.000661262
3367 0.000660907
3368 0.000660552
3369 0.000660198
3370 0.000659844
3371 0.00065949
3372 0.000659137
3373 0.000658784
3374 0.000658432
3375 0.00065808
3376 0.000657728
3377 0.000657376
3378 0.000657025
3379 0.000656674
3380 0.000656324
3381 0.000655974
3382 0.000655624
3383 0.000655275
3384 0.000654926
3385 0.000654577
3386 0.000654229
3387 0.000653881
3388 0.000653533
3389 0.000653186
3390 0.000652839
3391 0.000652493
3392 0.000652146
3393 0.000651801
3394 0.000651455
3395 0.00065111
3396 0.000650765
3397 0.00065042
3398 0.000650076
3399 0.000649732
3400 0.000649389
3401 0.000649046
3402 0.000648703
3403 0.000648361
3404 0.000648018
3405 0.000647677
3406 0.000647335
3407 0.000646994
3408 0.000646653
3409 0.000646313
3410 0.000645973
3411 0.000645633
3412 0.000645293
3413 0.000644954
3414 0.000644616
3415 0.000644277
3416 0.000643939
3417 0.000643601
3418 0.000643264
3419 0.000642927
3420 0.00064259
3421 0.000642253
3422 0.000641917
3423 0.000641582
3424 0.000641246
3425 0.000640911
3426 0.000640576
3427 0.000640242
3428 0.000639907
3429 0.000639574
3430 0.00063924
3431 0.000638907
3432 0.000638574
3433 0.000638242
3434 0.000637909
3435 0.000637577
3436 0.000637246
3437 0.000636915
3438 0.000636584
3439 0.000636253
3440 0.000635923
3441 0.000635593
3442 0.000635263
3443 0.000634934
3444 0.000634605
3445 0.000634276
3446 0.000633948
3447 0.00063362
3448 0.000633292
3449 0.000632965
3450 0.000632638
3451 0.000632311
3452 0.000631985
3453 0.000631659
3454 0.000631333
3455 0.000631007
3456 0.000630682
3457 0.000630357
3458 0.000630033
3459 0.000629708
3460 0.000629384
3461 0.000629061
3462 0.000628738
3463 0.000628415
3464 0.000628092
3465 0.000627769
3466 0.000627447
3467 0.000627126
3468 0.000626804
3469 0.000626483
3470 0.000626162
3471 0.000625842
3472 0.000625521
3473 0.000625202
3474 0.000624882
3475 0.000624563
3476 0.000624244
3477 0.000623925
3478 0.000623607
3479 0.000623289
3480 0.000622971
3481 0.000622653
3482 0.000622336
3483 0.000622019
3484 0.000621703
3485 0.000621386
3486 0.00062107
3487 0.000620755
3488 0.000620439
3489 0.000620124
3490 0.00061981
3491 0.000619495
3492 0.000619181
3493 0.000618867
3494 0.000618554
3495 0.00061824
3496 0.000617927
3497 0.000617615
3498 0.000617302
3499 0.00061699
3500 0.000616679
3501 0.000616367
3502 0.000616056
3503 0.000615745
3504 0.000615434
3505 0.000615124
3506 0.000614814
3507 0.000614504
3508 0.000614195
3509 0.000613886
3510 0.000613577
3511 0.000613268
3512 0.00061296
3513 0.000612652
3514 0.000612344
3515 0.000612037
3516 0.00061173
3517 0.000611423
3518 0.000611117
3519 0.00061081
3520 0.000610504
3521 0.000610199
3522 0.000609893
3523 0.000609588
3524 0.000609283
3525 0.000608979
3526 0.000608675
3527 0.000608371
3528 0.000608067
3529 0.000607764
3530 0.00060746
3531 0.000607158
3532 0.000606855
3533 0.000606553
3534 0.000606251
3535 0.000605949
3536 0.000605648
3537 0.000605347
3538 0.000605046
3539 0.000604745
3540 0.000604445
3541 0.000604145
3542 0.000603845
3543 0.000603546
3544 0.000603247
3545 0.000602948
3546 0.000602649
3547 0.000602351
3548 0.000602053
3549 0.000601755
3550 0.000601457
3551 0.00060116
3552 0.000600863
3553 0.000600567
3554 0.00060027
3555 0.000599974
3556 0.000599678
3557 0.000599383
3558 0.000599087
3559 0.000598792
3560 0.000598497
3561 0.000598203
3562 0.000597909
3563 0.000597615
3564 0.000597321
3565 0.000597028
3566 0.000596735
3567 0.000596442
3568 0.000596149
3569 0.000595857
3570 0.000595565
3571 0.000595273
3572 0.000594981
3573 0.00059469
3574 0.000594399
3575 0.000594108
3576 0.000593818
3577 0.000593528
3578 0.000593238
3579 0.000592948
3580 0.000592659
3581 0.00059237
3582 0.000592081
3583 0.000591792
3584 0.000591504
3585 0.000591216
3586 0.000590928
3587 0.00059064
3588 0.000590353
3589 0.000590066
3590 0.000589779
3591 0.000589493
3592 0.000589206
3593 0.00058892
3594 0.000588635
3595 0.000588349
3596 0.000588064
3597 0.000587779
3598 0.000587494
3599 0.00058721
3600 0.000586926
3601 0.000586642
3602 0.000586358
3603 0.000586075
3604 0.000585792
3605 0.000585509
3606 0.000585226
3607 0.000584944
3608 0.000584662
3609 0.00058438
3610 0.000584098
3611 0.000583817
3612 0.000583536
3613 0.000583255
3614 0.000582974
3615 0.000582694
3616 0.000582414
3617 0.000582134
3618 0.000581854
3619 0.000581575
3620 0.000581296
3621 0.000581017
3622 0.000580739
3623 0.00058046
3624 0.000580182
3625 0.000579904
3626 0.000579627
3627 0.00057935
3628 0.000579072
3629 0.000578796
3630 0.000578519
3631 0.000578243
3632 0.000577967
3633 0.000577691
3634 0.000577415
3635 0.00057714
3636 0.000576865
3637 0.00057659
3638 0.000576315
3639 0.000576041
3640 0.000575767
3641 0.000575493
3642 0.000575219
3643 0.000574946
3644 0.000574673
3645 0.0005744
3646 0.000574127
3647 0.000573855
3648 0.000573583
3649 0.000573311
3650 0.000573039
3651 0.000572767
3652 0.000572496
3653 0.000572225
3654 0.000571955
3655 0.000571684
3656 0.000571414
3657 0.000571144
3658 0.000570874
3659 0.000570605
3660 0.000570335
3661 0.000570066
3662 0.000569797
3663 0.000569529
3664 0.000569261
3665 0.000568992
3666 0.000568725
3667 0.000568457
3668 0.00056819
3669 0.000567922
3670 0.000567655
3671 0.000567389
3672 0.000567122
3673 0.000566856
3674 0.00056659
3675 0.000566324
3676 0.000566059
3677 0.000565794
3678 0.000565529
3679 0.000565264
3680 0.000564999
3681 0.000564735
3682 0.000564471
3683 0.000564207
3684 0.000563943
3685 0.00056368
3686 0.000563417
3687 0.000563154
3688 0.000562891
3689 0.000562628
3690 0.000562366
3691 0.000562104
3692 0.000561842
3693 0.000561581
3694 0.000561319
3695 0.000561058
3696 0.000560797
3697 0.000560537
3698 0.000560276
3699 0.000560016
3700 0.000559756
3701 0.000559496
3702 0.000559237
3703 0.000558977
3704 0.000558718
3705 0.000558459
3706 0.000558201
3707 0.000557942
3708 0.000557684
3709 0.000557426
3710 0.000557168
3711 0.000556911
3712 0.000556654
3713 0.000556397
3714 0.00055614
3715 0.000555883
3716 0.000555627
3717 0.00055537
3718 0.000555115
3719 0.000554859
3720 0.000554603
3721 0.000554348
3722 0.000554093
3723 0.000553838
3724 0.000553583
3725 0.000553329
3726 0.000553075
3727 0.000552821
3728 0.000552567
3729 0.000552314
3730 0.00055206
3731 0.000551807
3732 0.000551554
3733 0.000551302
3734 0.000551049
3735 0.000550797
3736 0.000550545
3737 0.000550293
3738 0.000550041
3739 0.00054979
3740 0.000549539
3741 0.000549288
3742 0.000549037
3743 0.000548787
3744 0.000548536
3745 0.000548286
3746 0.000548037
3747 0.000547787
3748 0.000547537
3749 0.000547288
3750 0.000547039
3751 0.00054679
3752 0.000546542
3753 0.000546293
3754 0.000546045
3755 0.000545797
3756 0.00054555
3757 0.000545302
3758 0.000545055
3759 0.000544808
3760 0.000544561
3761 0.000544314
3762 0.000544067
3763 0.000543821
3764 0.000543575
3765 0.000543329
3766 0.000543084
3767 0.000542838
3768 0.000542593
3769 0.000542348
3770 0.000542103
3771 0.000541859
3772 0.000541614
3773 0.00054137
3774 0.000541126
3775 0.000540882
3776 0.000540639
3777 0.000540395
3778 0.000540152
3779 0.000539909
3780 0.000539666
3781 0.000539424
3782 0.000539182
3783 0.000538939
3784 0.000538697
3785 0.000538456
3786 0.000538214
3787 0.000537973
3788 0.000537732
3789 0.000537491
3790 0.00053725
3791 0.00053701
3792 0.000536769
3793 0.000536529
3794 0.000536289
3795 0.00053605
3796 0.00053581
3797 0.000535571
3798 0.000535332
3799 0.000535093
3800 0.000534854
3801 0.000534616
3802 0.000534377
3803 0.000534139
3804 0.000533901
3805 0.000533664
3806 0.000533426
3807 0.000533189
3808 0.000532952
3809 0.000532715
3810 0.000532478
3811 0.000532241
3812 0.000532005
3813 0.000531769
3814 0.000531533
3815 0.000531297
3816 0.000531062
3817 0.000530826
3818 0.000530591
3819 0.000530356
3820 0.000530122
3821 0.000529887
3822 0.000529653
3823 0.000529419
3824 0.000529185
3825 0.000528951
3826 0.000528717
3827 0.000528484
3828 0.000528251
3829 0.000528018
3830 0.000527785
3831 0.000527552
3832 0.00052732
3833 0.000527088
3834 0.000526856
3835 0.000526624
3836 0.000526392
3837 0.000526161
3838 0.000525929
3839 0.000525698
3840 0.000525467
3841 0.000525237
3842 0.000525006
3843 0.000524776
3844 0.000524546
3845 0.000524316
3846 0.000524086
3847 0.000523856
3848 0.000523627
3849 0.000523398
3850 0.000523169
3851 0.00052294
3852 0.000522711
3853 0.000522483
3854 0.000522255
3855 0.000522027
3856 0.000521799
3857 0.000521571
3858 0.000521343
3859 0.000521116
3860 0.000520889
3861 0.000520662
3862 0.000520435
3863 0.000520209
3864 0.000519982
3865 0.000519756
3866 0.00051953
3867 0.000519304
3868 0.000519079
3869 0.000518853
3870 0.000518628
3871 0.000518403
3872 0.000518178
3873 0.000517953
3874 0.000517729
3875 0.000517504
3876 0.00051728
3877 0.000517056
3878 0.000516832
3879 0.000516609
3880 0.000516385
3881 0.000516162
3882 0.000515939
3883 0.000515716
3884 0.000515493
3885 0.000515271
3886 0.000515048
3887 0.000514826
3888 0.000514604
3889 0.000514382
3890 0.000514161
3891 0.000513939
3892 0.000513718
3893 0.000513497
3894 0.000513276
3895 0.000513055
3896 0.000512834
3897 0.000512614
3898 0.000512394
3899 0.000512174
3900 0.000511954
3901 0.000511734
3902 0.000511515
3903 0.000511295
3904 0.000511076
3905 0.000510857
3906 0.000510638
3907 0.00051042
3908 0.000510201
3909 0.000509983
3910 0.000509765
3911 0.000509547
3912 0.000509329
3913 0.000509112
3914 0.000508894
3915 0.000508677
3916 0.00050846
3917 0.000508243
3918 0.000508026
3919 0.00050781
3920 0.000507593
3921 0.000507377
3922 0.000507161
3923 0.000506945
3924 0.00050673
3925 0.000506514
3926 0.000506299
3927 0.000506084
3928 0.000505869
3929 0.000505654
3930 0.000505439
3931 0.000505225
3932 0.000505011
3933 0.000504796
3934 0.000504582
3935 0.000504369
3936 0.000504155
3937 0.000503942
3938 0.000503728
3939 0.000503515
3940 0.000503302
3941 0.00050309
3942 0.000502877
3943 0.000502665
3944 0.000502452
3945 0.00050224
3946 0.000502028
3947 0.000501816
3948 0.000501605
3949 0.000501393
3950 0.000501182
3951 0.000500971
3952 0.00050076
3953 0.000500549
3954 0.000500339
3955 0.000500128
3956 0.000499918
3957 0.000499708
3958 0.000499498
3959 0.000499288
3960 0.000499079
3961 0.000498869
3962 0.00049866
3963 0.000498451
3964 0.000498242
3965 0.000498033
3966 0.000497825
3967 0.000497616
3968 0.000497408
3969 0.0004972
3970 0.000496992
3971 0.000496784
3972 0.000496577
3973 0.000496369
3974 0.000496162
3975 0.000495955
3976 0.000495748
3977 0.000495541
3978 0.000495334
3979 0.000495128
3980 0.000494921
3981 0.000494715
3982 0.000494509
3983 0.000494303
3984 0.000494098
3985 0.000493892
3986 0.000493687
3987 0.000493482
3988 0.000493277
3989 0.000493072
3990 0.000492867
3991 0.000492662
3992 0.000492458
3993 0.000492254
3994 0.00049205
3995 0.000491846
3996 0.000491642
3997 0.000491439
3998 0.000491235
3999 0.000491032
4000 0.000490829
