50 
45.25 
41 
37.25 
34 
31.25 
29 
27.25 
26 
25.25 
25 
25.25 
26 
27.25 
29 
31.25 
34 
37.25 
41 
45.25 
50 
45.25 
40.5 
36.25 
32.5 
29.25 
26.5 
24.25 
22.5 
21.25 
20.5 
20.25 
20.5 
21.25 
22.5 
24.25 
26.5 
29.25 
32.5 
36.25 
40.5 
45.25 
41 
36.25 
32 
28.25 
25 
22.25 
20 
18.25 
17 
16.25 
16 
16.25 
17 
18.25 
20 
22.25 
25 
28.25 
32 
36.25 
41 
37.25 
32.5 
28.25 
24.5 
21.25 
18.5 
16.25 
14.5 
13.25 
12.5 
12.25 
12.5 
13.25 
14.5 
16.25 
18.5 
21.25 
24.5 
28.25 
32.5 
37.25 
34 
29.25 
25 
21.25 
18 
15.25 
13 
11.25 
10 
9.25 
9 
9.25 
10 
11.25 
13 
15.25 
18 
21.25 
25 
29.25 
34 
31.25 
26.5 
22.25 
18.5 
15.25 
12.5 
10.25 
8.5 
7.25 
6.5 
6.25 
6.5 
7.25 
8.5 
10.25 
12.5 
15.25 
18.5 
22.25 
26.5 
31.25 
29 
24.25 
20 
16.25 
13 
10.25 
8 
6.25 
5 
4.25 
4 
4.25 
5 
6.25 
8 
10.25 
13 
16.25 
20 
24.25 
29 
27.25 
22.5 
18.25 
14.5 
11.25 
8.5 
6.25 
4.5 
3.25 
2.5 
2.25 
2.5 
3.25 
4.5 
6.25 
8.5 
11.25 
14.5 
18.25 
22.5 
27.25 
26 
21.25 
17 
13.25 
10 
7.25 
5 
3.25 
2 
1.25 
1 
1.25 
2 
3.25 
5 
7.25 
10 
13.25 
17 
21.25 
26 
25.25 
20.5 
16.25 
12.5 
9.25 
6.5 
4.25 
2.5 
1.25 
0.5 
0.25 
0.5 
1.25 
2.5 
4.25 
6.5 
9.25 
12.5 
16.25 
20.5 
25.25 
25 
20.25 
16 
12.25 
9 
6.25 
4 
2.25 
1 
0.25 
0 
0.25 
1 
2.25 
4 
6.25 
9 
12.25 
16 
20.25 
25 
25.25 
20.5 
16.25 
12.5 
9.25 
6.5 
4.25 
2.5 
1.25 
0.5 
0.25 
0.5 
1.25 
2.5 
4.25 
6.5 
9.25 
12.5 
16.25 
20.5 
25.25 
26 
21.25 
17 
13.25 
10 
7.25 
5 
3.25 
2 
1.25 
1 
1.25 
2 
3.25 
5 
7.25 
10 
13.25 
17 
21.25 
26 
27.25 
22.5 
18.25 
14.5 
11.25 
8.5 
6.25 
4.5 
3.25 
2.5 
2.25 
2.5 
3.25 
4.5 
6.25 
8.5 
11.25 
14.5 
18.25 
22.5 
27.25 
29 
24.25 
20 
16.25 
13 
10.25 
8 
6.25 
5 
4.25 
4 
4.25 
5 
6.25 
8 
10.25 
13 
16.25 
20 
24.25 
29 
31.25 
26.5 
22.25 
18.5 
15.25 
12.5 
10.25 
8.5 
7.25 
6.5 
6.25 
6.5 
7.25 
8.5 
10.25 
12.5 
15.25 
18.5 
22.25 
26.5 
31.25 
34 
29.25 
25 
21.25 
18 
15.25 
13 
11.25 
10 
9.25 
9 
9.25 
10 
11.25 
13 
15.25 
18 
21.25 
25 
29.25 
34 
37.25 
32.5 
28.25 
24.5 
21.25 
18.5 
16.25 
14.5 
13.25 
12.5 
12.25 
12.5 
13.25 
14.5 
16.25 
18.5 
21.25 
24.5 
28.25 
32.5 
37.25 
41 
36.25 
32 
28.25 
25 
22.25 
20 
18.25 
17 
16.25 
16 
16.25 
17 
18.25 
20 
22.25 
25 
28.25 
32 
36.25 
41 
45.25 
40.5 
36.25 
32.5 
29.25 
26.5 
24.25 
22.5 
21.25 
20.5 
20.25 
20.5 
21.25 
22.5 
24.25 
26.5 
29.25 
32.5 
36.25 
40.5 
45.25 
50 
45.25 
41 
37.25 
34 
31.25 
29 
27.25 
26 
25.25 
25 
25.25 
26 
27.25 
29 
31.25 
34 
37.25 
41 
45.25 
50 
