0 0.434396
1 0.227153
2 0.124982
3 0.110134
4 0.108309
5 0.107985
6 0.107879
7 0.107809
8 0.107746
9 0.107685
10 0.107626
11 0.107567
12 0.107509
13 0.107453
14 0.107397
15 0.107342
16 0.107288
17 0.107234
18 0.107182
19 0.10713
20 0.107079
21 0.107028
22 0.106978
23 0.106929
24 0.10688
25 0.106832
26 0.106784
27 0.106737
28 0.10669
29 0.106644
30 0.106598
31 0.106553
32 0.106508
33 0.106464
34 0.106419
35 0.106376
36 0.106332
37 0.106289
38 0.106246
39 0.106204
40 0.106162
41 0.10612
42 0.106078
43 0.106037
44 0.105995
45 0.105955
46 0.105914
47 0.105873
48 0.105833
49 0.105793
50 0.105753
51 0.105713
52 0.105674
53 0.105634
54 0.105595
55 0.105556
56 0.105517
57 0.105478
58 0.105439
59 0.105401
60 0.105362
61 0.105324
62 0.105285
63 0.105247
64 0.105209
65 0.105171
66 0.105133
67 0.105095
68 0.105057
69 0.105019
70 0.104982
71 0.104944
72 0.104906
73 0.104869
74 0.104831
75 0.104794
76 0.104756
77 0.104719
78 0.104681
79 0.104644
80 0.104606
81 0.104569
82 0.104531
83 0.104494
84 0.104456
85 0.104418
86 0.104381
87 0.104343
88 0.104306
89 0.104268
90 0.10423
91 0.104192
92 0.104154
93 0.104117
94 0.104079
95 0.104041
96 0.104002
97 0.103964
98 0.103926
99 0.103888
100 0.103849
101 0.10381
102 0.103772
103 0.103733
104 0.103694
105 0.103655
106 0.103616
107 0.103577
108 0.103537
109 0.103498
110 0.103458
111 0.103418
112 0.103378
113 0.103338
114 0.103297
115 0.103257
116 0.103216
117 0.103175
118 0.103134
119 0.103093
120 0.103051
121 0.103009
122 0.102967
123 0.102925
124 0.102882
125 0.10284
126 0.102797
127 0.102753
128 0.10271
129 0.102666
130 0.102622
131 0.102578
132 0.102533
133 0.102488
134 0.102442
135 0.102397
136 0.102351
137 0.102304
138 0.102257
139 0.10221
140 0.102163
141 0.102115
142 0.102066
143 0.102018
144 0.101968
145 0.101919
146 0.101868
147 0.101818
148 0.101767
149 0.101715
150 0.101663
151 0.10161
152 0.101557
153 0.101503
154 0.101449
155 0.101394
156 0.101338
157 0.101282
158 0.101226
159 0.101168
160 0.10111
161 0.101051
162 0.100992
163 0.100931
164 0.100871
165 0.100809
166 0.100746
167 0.100683
168 0.100619
169 0.100554
170 0.100489
171 0.100422
172 0.100355
173 0.100287
174 0.100217
175 0.100147
176 0.100077
177 0.100005
178 0.0999319
179 0.0998582
180 0.0997835
181 0.0997079
182 0.0996313
183 0.0995537
184 0.0994752
185 0.0993956
186 0.099315
187 0.0992334
188 0.0991509
189 0.0990673
190 0.0989827
191 0.098897
192 0.0988104
193 0.0987227
194 0.098634
195 0.0985443
196 0.0984536
197 0.0983618
198 0.098269
199 0.0981753
200 0.0980805
201 0.0979846
202 0.0978878
203 0.09779
204 0.0976912
205 0.0975913
206 0.0974905
207 0.0973887
208 0.0972859
209 0.097182
210 0.0970772
211 0.0969714
212 0.0968646
213 0.0967569
214 0.0966481
215 0.0965383
216 0.0964276
217 0.0963159
218 0.0962032
219 0.0960895
220 0.0959748
221 0.0958591
222 0.0957425
223 0.0956249
224 0.0955063
225 0.0953866
226 0.0952661
227 0.0951445
228 0.0950219
229 0.0948984
230 0.0947739
231 0.0946484
232 0.094522
233 0.0943946
234 0.0942662
235 0.0941368
236 0.0940065
237 0.0938753
238 0.0937431
239 0.0936101
240 0.093476
241 0.0933411
242 0.0932053
243 0.0930687
244 0.0929311
245 0.0927927
246 0.0926535
247 0.0925134
248 0.0923726
249 0.0922309
250 0.0920885
251 0.0919454
252 0.0918015
253 0.0916569
254 0.0915116
255 0.0913657
256 0.0912191
257 0.0910719
258 0.0909241
259 0.0907757
260 0.0906267
261 0.0904772
262 0.0903272
263 0.0901767
264 0.0900258
265 0.0898743
266 0.0897225
267 0.0895702
268 0.0894175
269 0.0892644
270 0.089111
271 0.0889573
272 0.0888032
273 0.0886488
274 0.0884941
275 0.0883391
276 0.0881839
277 0.0880284
278 0.0878727
279 0.0877167
280 0.0875606
281 0.0874042
282 0.0872477
283 0.087091
284 0.0869341
285 0.0867771
286 0.0866199
287 0.0864626
288 0.0863052
289 0.0861476
290 0.08599
291 0.0858322
292 0.0856744
293 0.0855165
294 0.0853585
295 0.0852004
296 0.0850423
297 0.0848841
298 0.0847259
299 0.0845676
300 0.0844093
301 0.084251
302 0.0840927
303 0.0839343
304 0.083776
305 0.0836177
306 0.0834593
307 0.083301
308 0.0831427
309 0.0829844
310 0.0828262
311 0.082668
312 0.0825099
313 0.0823518
314 0.0821938
315 0.0820358
316 0.0818779
317 0.0817202
318 0.0815625
319 0.0814049
320 0.0812474
321 0.08109
322 0.0809327
323 0.0807756
324 0.0806186
325 0.0804617
326 0.080305
327 0.0801484
328 0.079992
329 0.0798358
330 0.0796798
331 0.0795239
332 0.0793682
333 0.0792128
334 0.0790575
335 0.0789025
336 0.0787477
337 0.0785931
338 0.0784388
339 0.0782847
340 0.0781308
341 0.0779773
342 0.077824
343 0.0776709
344 0.0775182
345 0.0773658
346 0.0772137
347 0.0770618
348 0.0769103
349 0.0767592
350 0.0766083
351 0.0764579
352 0.0763077
353 0.0761579
354 0.0760085
355 0.0758595
356 0.0757108
357 0.0755626
358 0.0754147
359 0.0752673
360 0.0751202
361 0.0749736
362 0.0748274
363 0.0746816
364 0.0745363
365 0.0743914
366 0.074247
367 0.0741031
368 0.0739596
369 0.0738166
370 0.0736741
371 0.073532
372 0.0733905
373 0.0732495
374 0.0731089
375 0.0729689
376 0.0728295
377 0.0726905
378 0.0725521
379 0.0724142
380 0.0722769
381 0.0721401
382 0.0720039
383 0.0718683
384 0.0717332
385 0.0715987
386 0.0714648
387 0.0713314
388 0.0711987
389 0.0710665
390 0.0709349
391 0.070804
392 0.0706737
393 0.0705439
394 0.0704148
395 0.0702863
396 0.0701584
397 0.0700312
398 0.0699046
399 0.0697786
400 0.0696533
401 0.0695286
402 0.0694046
403 0.0692812
404 0.0691584
405 0.0690364
406 0.0689149
407 0.0687942
408 0.0686741
409 0.0685546
410 0.0684359
411 0.0683178
412 0.0682004
413 0.0680836
414 0.0679675
415 0.0678521
416 0.0677374
417 0.0676234
418 0.06751
419 0.0673974
420 0.0672854
421 0.0671741
422 0.0670635
423 0.0669536
424 0.0668443
425 0.0667358
426 0.0666279
427 0.0665207
428 0.0664143
429 0.0663085
430 0.0662034
431 0.0660989
432 0.0659952
433 0.0658922
434 0.0657898
435 0.0656882
436 0.0655872
437 0.0654869
438 0.0653873
439 0.0652884
440 0.0651901
441 0.0650926
442 0.0649957
443 0.0648995
444 0.064804
445 0.0647091
446 0.064615
447 0.0645215
448 0.0644287
449 0.0643365
450 0.0642451
451 0.0641542
452 0.0640641
453 0.0639746
454 0.0638858
455 0.0637976
456 0.0637101
457 0.0636233
458 0.0635371
459 0.0634515
460 0.0633666
461 0.0632823
462 0.0631987
463 0.0631157
464 0.0630334
465 0.0629516
466 0.0628706
467 0.0627901
468 0.0627103
469 0.0626311
470 0.0625525
471 0.0624745
472 0.0623971
473 0.0623204
474 0.0622442
475 0.0621686
476 0.0620937
477 0.0620193
478 0.0619456
479 0.0618724
480 0.0617998
481 0.0617278
482 0.0616564
483 0.0615855
484 0.0615152
485 0.0614455
486 0.0613764
487 0.0613078
488 0.0612397
489 0.0611722
490 0.0611053
491 0.0610389
492 0.0609731
493 0.0609078
494 0.060843
495 0.0607787
496 0.060715
497 0.0606518
498 0.0605892
499 0.060527
500 0.0604654
501 0.0604042
502 0.0603436
503 0.0602834
504 0.0602238
505 0.0601646
506 0.060106
507 0.0600478
508 0.0599901
509 0.0599329
510 0.0598761
511 0.0598198
512 0.059764
513 0.0597087
514 0.0596538
515 0.0595993
516 0.0595453
517 0.0594918
518 0.0594386
519 0.059386
520 0.0593337
521 0.0592819
522 0.0592305
523 0.0591795
524 0.059129
525 0.0590789
526 0.0590291
527 0.0589798
528 0.0589309
529 0.0588824
530 0.0588342
531 0.0587865
532 0.0587391
533 0.0586922
534 0.0586456
535 0.0585994
536 0.0585535
537 0.058508
538 0.0584629
539 0.0584182
540 0.0583738
541 0.0583297
542 0.0582861
543 0.0582427
544 0.0581997
545 0.058157
546 0.0581147
547 0.0580727
548 0.058031
549 0.0579897
550 0.0579486
551 0.0579079
552 0.0578675
553 0.0578274
554 0.0577877
555 0.0577482
556 0.057709
557 0.0576701
558 0.0576315
559 0.0575932
560 0.0575552
561 0.0575175
562 0.05748
563 0.0574429
564 0.057406
565 0.0573693
566 0.0573329
567 0.0572968
568 0.057261
569 0.0572254
570 0.0571901
571 0.057155
572 0.0571202
573 0.0570856
574 0.0570512
575 0.0570171
576 0.0569832
577 0.0569496
578 0.0569162
579 0.056883
580 0.05685
581 0.0568173
582 0.0567848
583 0.0567524
584 0.0567204
585 0.0566885
586 0.0566568
587 0.0566253
588 0.056594
589 0.0565629
590 0.0565321
591 0.0565014
592 0.0564709
593 0.0564406
594 0.0564104
595 0.0563805
596 0.0563507
597 0.0563212
598 0.0562917
599 0.0562625
600 0.0562334
601 0.0562046
602 0.0561758
603 0.0561473
604 0.0561188
605 0.0560906
606 0.0560625
607 0.0560346
608 0.0560068
609 0.0559791
610 0.0559517
611 0.0559243
612 0.0558971
613 0.0558701
614 0.0558431
615 0.0558164
616 0.0557897
617 0.0557632
618 0.0557368
619 0.0557106
620 0.0556844
621 0.0556584
622 0.0556325
623 0.0556068
624 0.0555812
625 0.0555556
626 0.0555302
627 0.0555049
628 0.0554798
629 0.0554547
630 0.0554297
631 0.0554049
632 0.0553802
633 0.0553555
634 0.055331
635 0.0553065
636 0.0552822
637 0.055258
638 0.0552338
639 0.0552098
640 0.0551858
641 0.055162
642 0.0551382
643 0.0551145
644 0.055091
645 0.0550674
646 0.055044
647 0.0550207
648 0.0549975
649 0.0549743
650 0.0549512
651 0.0549282
652 0.0549053
653 0.0548824
654 0.0548596
655 0.0548369
656 0.0548143
657 0.0547917
658 0.0547693
659 0.0547468
660 0.0547245
661 0.0547022
662 0.05468
663 0.0546579
664 0.0546358
665 0.0546138
666 0.0545918
667 0.05457
668 0.0545481
669 0.0545264
670 0.0545047
671 0.054483
672 0.0544614
673 0.0544399
674 0.0544184
675 0.054397
676 0.0543756
677 0.0543543
678 0.0543331
679 0.0543119
680 0.0542907
681 0.0542696
682 0.0542486
683 0.0542276
684 0.0542066
685 0.0541857
686 0.0541649
687 0.0541441
688 0.0541233
689 0.0541026
690 0.0540819
691 0.0540613
692 0.0540407
693 0.0540201
694 0.0539996
695 0.0539792
696 0.0539587
697 0.0539384
698 0.053918
699 0.0538977
700 0.0538775
701 0.0538572
702 0.053837
703 0.0538169
704 0.0537968
705 0.0537767
706 0.0537566
707 0.0537366
708 0.0537166
709 0.0536967
710 0.0536768
711 0.0536569
712 0.053637
713 0.0536172
714 0.0535974
715 0.0535776
716 0.0535579
717 0.0535381
718 0.0535185
719 0.0534988
720 0.0534792
721 0.0534595
722 0.0534399
723 0.0534204
724 0.0534008
725 0.0533813
726 0.0533618
727 0.0533423
728 0.0533229
729 0.0533034
730 0.053284
731 0.0532646
732 0.0532452
733 0.0532258
734 0.0532064
735 0.0531871
736 0.0531678
737 0.0531484
738 0.0531291
739 0.0531098
740 0.0530906
741 0.0530713
742 0.053052
743 0.0530328
744 0.0530135
745 0.0529943
746 0.052975
747 0.0529558
748 0.0529366
749 0.0529173
750 0.0528981
751 0.0528789
752 0.0528597
753 0.0528404
754 0.0528212
755 0.052802
756 0.0527828
757 0.0527635
758 0.0527443
759 0.052725
760 0.0527058
761 0.0526865
762 0.0526672
763 0.0526479
764 0.0526287
765 0.0526093
766 0.05259
767 0.0525707
768 0.0525513
769 0.0525319
770 0.0525125
771 0.0524931
772 0.0524737
773 0.0524542
774 0.0524347
775 0.0524152
776 0.0523957
777 0.0523761
778 0.0523565
779 0.0523369
780 0.0523172
781 0.0522975
782 0.0522777
783 0.052258
784 0.0522381
785 0.0522183
786 0.0521984
787 0.0521784
788 0.0521584
789 0.0521383
790 0.0521182
791 0.052098
792 0.0520778
793 0.0520575
794 0.0520372
795 0.0520168
796 0.0519963
797 0.0519757
798 0.0519551
799 0.0519344
800 0.0519136
801 0.0518928
802 0.0518718
803 0.0518508
804 0.0518296
805 0.0518084
806 0.0517871
807 0.0517656
808 0.0517441
809 0.0517224
810 0.0517006
811 0.0516787
812 0.0516567
813 0.0516345
814 0.0516122
815 0.0515898
816 0.0515672
817 0.0515444
818 0.0515215
819 0.0514984
820 0.0514752
821 0.0514517
822 0.0514281
823 0.0514042
824 0.0513802
825 0.0513559
826 0.0513314
827 0.0513066
828 0.0512816
829 0.0512563
830 0.0512308
831 0.0512049
832 0.0511788
833 0.0511523
834 0.0511255
835 0.0510984
836 0.0510709
837 0.0510429
838 0.0510146
839 0.0509858
840 0.0509566
841 0.0509269
842 0.0508967
843 0.0508659
844 0.0508346
845 0.0508026
846 0.05077
847 0.0507367
848 0.0507027
849 0.0506679
850 0.0506323
851 0.0505958
852 0.0505584
853 0.0505199
854 0.0504804
855 0.0504397
856 0.0503978
857 0.0503545
858 0.0503098
859 0.0502635
860 0.0502155
861 0.0501657
862 0.0501139
863 0.0500599
864 0.0500036
865 0.0499447
866 0.049883
867 0.0498183
868 0.0497501
869 0.0496782
870 0.0496021
871 0.0495215
872 0.0494358
873 0.0493445
874 0.0492469
875 0.0491423
876 0.0490298
877 0.0489085
878 0.0487772
879 0.0486347
880 0.0484797
881 0.0483103
882 0.0481249
883 0.0479212
884 0.0476969
885 0.0474495
886 0.047176
887 0.0468733
888 0.0465383
889 0.0461675
890 0.0457578
891 0.0453063
892 0.0448109
893 0.0442702
894 0.0436846
895 0.0430561
896 0.042389
897 0.0416899
898 0.0409671
899 0.0402307
900 0.0394909
901 0.038758
902 0.0380405
903 0.0373455
904 0.036678
905 0.0360411
906 0.0354364
907 0.0348641
908 0.0343235
909 0.0338133
910 0.0333319
911 0.0328773
912 0.0324475
913 0.0320405
914 0.0316542
915 0.031287
916 0.030937
917 0.0306026
918 0.0302824
919 0.029975
920 0.0296793
921 0.0293942
922 0.0291186
923 0.0288517
924 0.0285928
925 0.0283411
926 0.028096
927 0.027857
928 0.0276235
929 0.0273951
930 0.0271714
931 0.0269522
932 0.0267369
933 0.0265255
934 0.0263175
935 0.0261129
936 0.0259114
937 0.0257128
938 0.0255169
939 0.0253237
940 0.025133
941 0.0249447
942 0.0247587
943 0.0245748
944 0.0243931
945 0.0242134
946 0.0240356
947 0.0238598
948 0.0236858
949 0.0235137
950 0.0233433
951 0.0231746
952 0.0230076
953 0.0228423
954 0.0226786
955 0.0225165
956 0.022356
957 0.022197
958 0.0220395
959 0.0218836
960 0.0217291
961 0.0215761
962 0.0214245
963 0.0212744
964 0.0211258
965 0.0209785
966 0.0208326
967 0.0206881
968 0.020545
969 0.0204032
970 0.0202628
971 0.0201238
972 0.019986
973 0.0198496
974 0.0197145
975 0.0195806
976 0.0194481
977 0.0193168
978 0.0191868
979 0.0190581
980 0.0189306
981 0.0188043
982 0.0186793
983 0.0185555
984 0.0184329
985 0.0183114
986 0.0181912
987 0.0180722
988 0.0179543
989 0.0178376
990 0.017722
991 0.0176076
992 0.0174943
993 0.0173821
994 0.017271
995 0.017161
996 0.0170521
997 0.0169443
998 0.0168376
999 0.0167319
1000 0.0166273
1001 0.0165237
1002 0.0164211
1003 0.0163195
1004 0.016219
1005 0.0161195
1006 0.0160209
1007 0.0159233
1008 0.0158267
1009 0.015731
1010 0.0156363
1011 0.0155426
1012 0.0154497
1013 0.0153578
1014 0.0152667
1015 0.0151766
1016 0.0150873
1017 0.014999
1018 0.0149115
1019 0.0148248
1020 0.014739
1021 0.014654
1022 0.0145698
1023 0.0144865
1024 0.014404
1025 0.0143222
1026 0.0142412
1027 0.0141611
1028 0.0140816
1029 0.014003
1030 0.013925
1031 0.0138479
1032 0.0137714
1033 0.0136957
1034 0.0136206
1035 0.0135463
1036 0.0134726
1037 0.0133997
1038 0.0133274
1039 0.0132557
1040 0.0131848
1041 0.0131144
1042 0.0130447
1043 0.0129757
1044 0.0129072
1045 0.0128394
1046 0.0127721
1047 0.0127055
1048 0.0126394
1049 0.0125739
1050 0.012509
1051 0.0124446
1052 0.0123808
1053 0.0123176
1054 0.0122548
1055 0.0121926
1056 0.012131
1057 0.0120698
1058 0.0120092
1059 0.011949
1060 0.0118894
1061 0.0118302
1062 0.0117715
1063 0.0117133
1064 0.0116555
1065 0.0115983
1066 0.0115414
1067 0.011485
1068 0.0114291
1069 0.0113736
1070 0.0113185
1071 0.0112639
1072 0.0112096
1073 0.0111558
1074 0.0111024
1075 0.0110494
1076 0.0109967
1077 0.0109445
1078 0.0108927
1079 0.0108412
1080 0.0107901
1081 0.0107394
1082 0.0106891
1083 0.0106391
1084 0.0105894
1085 0.0105402
1086 0.0104912
1087 0.0104427
1088 0.0103944
1089 0.0103465
1090 0.010299
1091 0.0102517
1092 0.0102048
1093 0.0101583
1094 0.010112
1095 0.0100661
1096 0.0100204
1097 0.00997512
1098 0.00993012
1099 0.00988542
1100 0.00984103
1101 0.00979694
1102 0.00975314
1103 0.00970965
1104 0.00966645
1105 0.00962354
1106 0.00958093
1107 0.0095386
1108 0.00949656
1109 0.00945481
1110 0.00941334
1111 0.00937215
1112 0.00933125
1113 0.00929062
1114 0.00925028
1115 0.00921021
1116 0.00917042
1117 0.0091309
1118 0.00909166
1119 0.0090527
1120 0.009014
1121 0.00897558
1122 0.00893743
1123 0.00889956
1124 0.00886195
1125 0.00882461
1126 0.00878754
1127 0.00875075
1128 0.00871422
1129 0.00867796
1130 0.00864197
1131 0.00860624
1132 0.00857079
1133 0.0085356
1134 0.00850068
1135 0.00846602
1136 0.00843164
1137 0.00839752
1138 0.00836367
1139 0.00833008
1140 0.00829676
1141 0.00826371
1142 0.00823092
1143 0.0081984
1144 0.00816614
1145 0.00813415
1146 0.00810243
1147 0.00807097
1148 0.00803977
1149 0.00800884
1150 0.00797817
1151 0.00794777
1152 0.00791763
1153 0.00788775
1154 0.00785813
1155 0.00782877
1156 0.00779968
1157 0.00777084
1158 0.00774227
1159 0.00771395
1160 0.00768589
1161 0.00765808
1162 0.00763054
1163 0.00760324
1164 0.0075762
1165 0.00754941
1166 0.00752288
1167 0.00749659
1168 0.00747055
1169 0.00744476
1170 0.00741922
1171 0.00739392
1172 0.00736886
1173 0.00734405
1174 0.00731948
1175 0.00729514
1176 0.00727104
1177 0.00724717
1178 0.00722354
1179 0.00720014
1180 0.00717697
1181 0.00715402
1182 0.00713131
1183 0.00710881
1184 0.00708654
1185 0.00706448
1186 0.00704265
1187 0.00702102
1188 0.00699962
1189 0.00697842
1190 0.00695743
1191 0.00693665
1192 0.00691607
1193 0.00689569
1194 0.00687551
1195 0.00685554
1196 0.00683575
1197 0.00681616
1198 0.00679676
1199 0.00677755
1200 0.00675852
1201 0.00673968
1202 0.00672102
1203 0.00670254
1204 0.00668424
1205 0.00666611
1206 0.00664815
1207 0.00663037
1208 0.00661275
1209 0.0065953
1210 0.00657801
1211 0.00656088
1212 0.00654391
1213 0.0065271
1214 0.00651044
1215 0.00649394
1216 0.00647759
1217 0.00646138
1218 0.00644532
1219 0.00642941
1220 0.00641364
1221 0.00639801
1222 0.00638251
1223 0.00636716
1224 0.00635193
1225 0.00633684
1226 0.00632188
1227 0.00630705
1228 0.00629235
1229 0.00627777
1230 0.00626332
1231 0.00624898
1232 0.00623477
1233 0.00622067
1234 0.00620669
1235 0.00619283
1236 0.00617908
1237 0.00616544
1238 0.0061519
1239 0.00613848
1240 0.00612517
1241 0.00611196
1242 0.00609885
1243 0.00608585
1244 0.00607294
1245 0.00606014
1246 0.00604743
1247 0.00603482
1248 0.00602231
1249 0.00600989
1250 0.00599756
1251 0.00598532
1252 0.00597318
1253 0.00596112
1254 0.00594915
1255 0.00593727
1256 0.00592547
1257 0.00591376
1258 0.00590213
1259 0.00589058
1260 0.00587911
1261 0.00586772
1262 0.00585641
1263 0.00584518
1264 0.00583402
1265 0.00582294
1266 0.00581193
1267 0.005801
1268 0.00579014
1269 0.00577935
1270 0.00576864
1271 0.00575799
1272 0.00574741
1273 0.0057369
1274 0.00572646
1275 0.00571608
1276 0.00570577
1277 0.00569552
1278 0.00568534
1279 0.00567522
1280 0.00566516
1281 0.00565517
1282 0.00564523
1283 0.00563536
1284 0.00562554
1285 0.00561578
1286 0.00560608
1287 0.00559644
1288 0.00558686
1289 0.00557733
1290 0.00556785
1291 0.00555843
1292 0.00554906
1293 0.00553975
1294 0.00553049
1295 0.00552128
1296 0.00551212
1297 0.00550302
1298 0.00549396
1299 0.00548495
1300 0.005476
1301 0.00546709
1302 0.00545823
1303 0.00544941
1304 0.00544065
1305 0.00543192
1306 0.00542325
1307 0.00541462
1308 0.00540604
1309 0.0053975
1310 0.005389
1311 0.00538055
1312 0.00537214
1313 0.00536377
1314 0.00535544
1315 0.00534716
1316 0.00533892
1317 0.00533072
1318 0.00532255
1319 0.00531443
1320 0.00530635
1321 0.00529831
1322 0.0052903
1323 0.00528233
1324 0.0052744
1325 0.00526651
1326 0.00525866
1327 0.00525084
1328 0.00524306
1329 0.00523531
1330 0.0052276
1331 0.00521993
1332 0.00521228
1333 0.00520468
1334 0.00519711
1335 0.00518957
1336 0.00518206
1337 0.00517459
1338 0.00516715
1339 0.00515975
1340 0.00515237
1341 0.00514503
1342 0.00513772
1343 0.00513044
1344 0.00512319
1345 0.00511597
1346 0.00510879
1347 0.00510163
1348 0.0050945
1349 0.0050874
1350 0.00508034
1351 0.0050733
1352 0.00506628
1353 0.0050593
1354 0.00505235
1355 0.00504542
1356 0.00503852
1357 0.00503165
1358 0.0050248
1359 0.00501799
1360 0.0050112
1361 0.00500443
1362 0.00499769
1363 0.00499098
1364 0.00498429
1365 0.00497763
1366 0.004971
1367 0.00496439
1368 0.0049578
1369 0.00495124
1370 0.0049447
1371 0.00493819
1372 0.0049317
1373 0.00492524
1374 0.0049188
1375 0.00491238
1376 0.00490598
1377 0.00489961
1378 0.00489326
1379 0.00488694
1380 0.00488063
1381 0.00487435
1382 0.00486809
1383 0.00486185
1384 0.00485564
1385 0.00484944
1386 0.00484327
1387 0.00483712
1388 0.00483099
1389 0.00482488
1390 0.00481879
1391 0.00481272
1392 0.00480667
1393 0.00480064
1394 0.00479464
1395 0.00478865
1396 0.00478268
1397 0.00477673
1398 0.0047708
1399 0.00476489
1400 0.004759
1401 0.00475313
1402 0.00474728
1403 0.00474144
1404 0.00473563
1405 0.00472983
1406 0.00472405
1407 0.00471829
1408 0.00471254
1409 0.00470682
1410 0.00470111
1411 0.00469542
1412 0.00468975
1413 0.0046841
1414 0.00467846
1415 0.00467284
1416 0.00466723
1417 0.00466165
1418 0.00465608
1419 0.00465053
1420 0.00464499
1421 0.00463947
1422 0.00463397
1423 0.00462848
1424 0.00462301
1425 0.00461755
1426 0.00461211
1427 0.00460669
1428 0.00460128
1429 0.00459589
1430 0.00459051
1431 0.00458515
1432 0.0045798
1433 0.00457447
1434 0.00456915
1435 0.00456385
1436 0.00455856
1437 0.00455329
1438 0.00454804
1439 0.00454279
1440 0.00453756
1441 0.00453235
1442 0.00452715
1443 0.00452197
1444 0.0045168
1445 0.00451164
1446 0.00450649
1447 0.00450137
1448 0.00449625
1449 0.00449115
1450 0.00448606
1451 0.00448098
1452 0.00447592
1453 0.00447088
1454 0.00446584
1455 0.00446082
1456 0.00445581
1457 0.00445082
1458 0.00444583
1459 0.00444086
1460 0.00443591
1461 0.00443096
1462 0.00442603
1463 0.00442111
1464 0.00441621
1465 0.00441131
1466 0.00440643
1467 0.00440156
1468 0.00439671
1469 0.00439186
1470 0.00438703
1471 0.00438221
1472 0.0043774
1473 0.00437261
1474 0.00436782
1475 0.00436305
1476 0.00435829
1477 0.00435354
1478 0.0043488
1479 0.00434407
1480 0.00433936
1481 0.00433466
1482 0.00432996
1483 0.00432528
1484 0.00432061
1485 0.00431596
1486 0.00431131
1487 0.00430667
1488 0.00430205
1489 0.00429743
1490 0.00429283
1491 0.00428824
1492 0.00428366
1493 0.00427909
1494 0.00427453
1495 0.00426998
1496 0.00426544
1497 0.00426091
1498 0.00425639
1499 0.00425189
1500 0.00424739
1501 0.0042429
1502 0.00423843
1503 0.00423396
1504 0.0042295
1505 0.00422506
1506 0.00422062
1507 0.0042162
1508 0.00421178
1509 0.00420738
1510 0.00420298
1511 0.00419859
1512 0.00419422
1513 0.00418985
1514 0.0041855
1515 0.00418115
1516 0.00417681
1517 0.00417249
1518 0.00416817
1519 0.00416386
1520 0.00415956
1521 0.00415527
1522 0.00415099
1523 0.00414672
1524 0.00414246
1525 0.00413821
1526 0.00413397
1527 0.00412974
1528 0.00412551
1529 0.0041213
1530 0.0041171
1531 0.00411292
1532 0.00410875
1533 0.00410459
1534 0.00410046
1535 0.00409637
1536 0.00409231
1537 0.00408833
1538 0.00408446
1539 0.00408074
1540 0.00407728
1541 0.00407421
1542 0.00407179
1543 0.00407039
1544 0.00407064
1545 0.00407355
1546 0.00408074
1547 0.00409487
1548 0.00412025
1549 0.00416388
1550 0.00423704
1551 0.00435817
1552 0.00455641
1553 0.004879
1554 0.0053973
1555 0.00622229
1556 0.00750355
1557 0.0094373
1558 0.012213
1559 0.0158739
1560 0.0203409
1561 0.0246293
1562 0.0287501
1563 0.0303605
1564 0.0318301
1565 0.0301414
1566 0.0295237
1567 0.0266828
1568 0.0253711
1569 0.0227264
1570 0.0214293
1571 0.0193212
1572 0.0182506
1573 0.0166553
1574 0.015832
1575 0.0146458
1576 0.0140353
1577 0.0131573
1578 0.0127164
1579 0.0120671
1580 0.0117586
1581 0.0112795
1582 0.0110746
1583 0.0107235
1584 0.0106008
1585 0.010348
1586 0.010292
1587 0.0101158
1588 0.010115
1589 0.00999963
1590 0.0100454
1591 0.00997847
1592 0.0100637
1593 0.010035
1594 0.0101532
1595 0.0101535
1596 0.0102983
1597 0.0103187
1598 0.0104832
1599 0.0105149
1600 0.0106918
1601 0.0107259
1602 0.0109076
1603 0.0109358
1604 0.0111146
1605 0.0111297
1606 0.0112988
1607 0.0112949
1608 0.011449
1609 0.0114226
1610 0.011558
1611 0.0115078
1612 0.0116227
1613 0.0115496
1614 0.0116444
1615 0.0115511
1616 0.0116273
1617 0.0115178
1618 0.0115781
1619 0.0114567
1620 0.0115043
1621 0.0113755
1622 0.011414
1623 0.0112818
1624 0.0113141
1625 0.011182
1626 0.0112111
1627 0.0110817
1628 0.0111098
1629 0.0109852
1630 0.0110141
1631 0.0108956
1632 0.0109266
1633 0.0108149
1634 0.0108487
1635 0.0107442
1636 0.0107813
1637 0.0106838
1638 0.0107243
1639 0.0106335
1640 0.0106773
1641 0.0105924
1642 0.0106392
1643 0.0105596
1644 0.0106089
1645 0.0105338
1646 0.0105851
1647 0.0105136
1648 0.0105663
1649 0.0104977
1650 0.0105512
1651 0.0104847
1652 0.0105384
1653 0.0104733
1654 0.0105267
1655 0.0104625
1656 0.0105151
1657 0.0104515
1658 0.0105029
1659 0.0104394
1660 0.0104894
1661 0.0104258
1662 0.0104742
1663 0.0104104
1664 0.0104571
1665 0.010393
1666 0.010438
1667 0.0103737
1668 0.010417
1669 0.0103527
1670 0.0103944
1671 0.0103301
1672 0.0103703
1673 0.0103062
1674 0.0103451
1675 0.0102815
1676 0.0103192
1677 0.0102561
1678 0.0102928
1679 0.0102305
1680 0.0102663
1681 0.0102049
1682 0.01024
1683 0.0101796
1684 0.0102141
1685 0.0101548
1686 0.0101887
1687 0.0101306
1688 0.0101641
1689 0.0101072
1690 0.0101403
1691 0.0100846
1692 0.0101174
1693 0.0100629
1694 0.0100954
1695 0.010042
1696 0.0100742
1697 0.0100219
1698 0.0100537
1699 0.0100026
1700 0.0100341
1701 0.00998397
1702 0.010015
1703 0.00996591
1704 0.00999652
1705 0.00994835
1706 0.00997851
1707 0.00993121
1708 0.00996089
1709 0.00991441
1710 0.00994357
1711 0.00989788
1712 0.0099265
1713 0.00988156
1714 0.00990963
1715 0.00986539
1716 0.00989289
1717 0.00984935
1718 0.00987627
1719 0.0098334
1720 0.00985974
1721 0.00981754
1722 0.0098433
1723 0.00980174
1724 0.00982693
1725 0.00978603
1726 0.00981065
1727 0.00977039
1728 0.00979446
1729 0.00975486
1730 0.00977838
1731 0.00973943
1732 0.00976242
1733 0.00972413
1734 0.00974661
1735 0.00970898
1736 0.00973096
1737 0.009694
1738 0.00971548
1739 0.00967919
1740 0.00970019
1741 0.00966457
1742 0.00968511
1743 0.00965015
1744 0.00967023
1745 0.00963594
1746 0.00965557
1747 0.00962194
1748 0.00964112
1749 0.00960815
1750 0.00962689
1751 0.00959457
1752 0.00961288
1753 0.0095812
1754 0.00959908
1755 0.00956803
1756 0.00958548
1757 0.00955506
1758 0.00957208
1759 0.00954228
1760 0.00955887
1761 0.00952968
1762 0.00954584
1763 0.00951726
1764 0.00953299
1765 0.00950499
1766 0.0095203
1767 0.00949289
1768 0.00950777
1769 0.00948093
1770 0.00949539
1771 0.00946912
1772 0.00948315
1773 0.00945745
1774 0.00947105
1775 0.00944591
1776 0.00945909
1777 0.0094345
1778 0.00944726
1779 0.00942321
1780 0.00943556
1781 0.00941205
1782 0.00942398
1783 0.00940101
1784 0.00941252
1785 0.00939008
1786 0.00940119
1787 0.00937928
1788 0.00938998
1789 0.0093686
1790 0.00937889
1791 0.00935803
1792 0.00936792
1793 0.00934757
1794 0.00935707
1795 0.00933724
1796 0.00934634
1797 0.00932702
1798 0.00933573
1799 0.00931691
1800 0.00932523
1801 0.00930692
1802 0.00931485
1803 0.00929703
1804 0.00930458
1805 0.00928726
1806 0.00929443
1807 0.0092776
1808 0.00928438
1809 0.00926805
1810 0.00927445
1811 0.00925861
1812 0.00926463
1813 0.00924926
1814 0.00925491
1815 0.00924003
1816 0.0092453
1817 0.00923089
1818 0.00923579
1819 0.00922185
1820 0.00922638
1821 0.00921291
1822 0.00921706
1823 0.00920406
1824 0.00920785
1825 0.0091953
1826 0.00919872
1827 0.00918664
1828 0.00918969
1829 0.00917806
1830 0.00918075
1831 0.00916957
1832 0.0091719
1833 0.00916117
1834 0.00916314
1835 0.00915285
1836 0.00915446
1837 0.00914461
1838 0.00914586
1839 0.00913646
1840 0.00913735
1841 0.00912838
1842 0.00912892
1843 0.00912038
1844 0.00912056
1845 0.00911246
1846 0.00911229
1847 0.00910461
1848 0.00910409
1849 0.00909684
1850 0.00909597
1851 0.00908914
1852 0.00908792
1853 0.00908152
1854 0.00907994
1855 0.00907396
1856 0.00907204
1857 0.00906648
1858 0.00906421
1859 0.00905906
1860 0.00905645
1861 0.00905171
1862 0.00904876
1863 0.00904443
1864 0.00904114
1865 0.00903722
1866 0.00903358
1867 0.00903006
1868 0.00902609
1869 0.00902298
1870 0.00901866
1871 0.00901595
1872 0.0090113
1873 0.00900899
1874 0.009004
1875 0.00900208
1876 0.00899676
1877 0.00899524
1878 0.00898958
1879 0.00898845
1880 0.00898246
1881 0.00898172
1882 0.0089754
1883 0.00897505
1884 0.0089684
1885 0.00896843
1886 0.00896145
1887 0.00896187
1888 0.00895456
1889 0.00895536
1890 0.00894772
1891 0.0089489
1892 0.00894093
1893 0.0089425
1894 0.0089342
1895 0.00893614
1896 0.00892752
1897 0.00892984
1898 0.00892089
1899 0.00892358
1900 0.00891431
1901 0.00891737
1902 0.00890778
1903 0.00891121
1904 0.0089013
1905 0.0089051
1906 0.00889486
1907 0.00889903
1908 0.00888847
1909 0.008893
1910 0.00888213
1911 0.00888703
1912 0.00887583
1913 0.00888109
1914 0.00886958
1915 0.0088752
1916 0.00886337
1917 0.00886934
1918 0.0088572
1919 0.00886353
1920 0.00885108
1921 0.00885777
1922 0.008845
1923 0.00885204
1924 0.00883895
1925 0.00884635
1926 0.00883295
1927 0.00884069
1928 0.00882699
1929 0.00883508
1930 0.00882106
1931 0.0088295
1932 0.00881518
1933 0.00882396
1934 0.00880933
1935 0.00881846
1936 0.00880352
1937 0.00881299
1938 0.00879774
1939 0.00880756
1940 0.008792
1941 0.00880216
1942 0.0087863
1943 0.00879679
1944 0.00878063
1945 0.00879146
1946 0.00877499
1947 0.00878616
1948 0.00876938
1949 0.00878089
1950 0.00876381
1951 0.00877566
1952 0.00875827
1953 0.00877045
1954 0.00875277
1955 0.00876527
1956 0.00874729
1957 0.00876013
1958 0.00874184
1959 0.00875501
1960 0.00873643
1961 0.00874992
1962 0.00873104
1963 0.00874486
1964 0.00872568
1965 0.00873983
1966 0.00872035
1967 0.00873483
1968 0.00871505
1969 0.00872985
1970 0.00870978
1971 0.0087249
1972 0.00870453
1973 0.00871997
1974 0.00869931
1975 0.00871507
1976 0.00869412
1977 0.00871019
1978 0.00868895
1979 0.00870534
1980 0.00868381
1981 0.00870052
1982 0.00867869
1983 0.00869571
1984 0.0086736
1985 0.00869093
1986 0.00866853
1987 0.00868618
1988 0.00866348
1989 0.00868144
1990 0.00865846
1991 0.00867673
1992 0.00865346
1993 0.00867204
1994 0.00864848
1995 0.00866737
1996 0.00864352
1997 0.00866272
1998 0.00863859
1999 0.00865809
2000 0.00863368
2001 0.00865349
2002 0.00862878
2003 0.0086489
2004 0.00862391
2005 0.00864433
2006 0.00861906
2007 0.00863978
2008 0.00861423
2009 0.00863525
2010 0.00860942
2011 0.00863074
2012 0.00860462
2013 0.00862625
2014 0.00859985
2015 0.00862177
2016 0.0085951
2017 0.00861731
2018 0.00859036
2019 0.00861287
2020 0.00858564
2021 0.00860845
2022 0.00858094
2023 0.00860404
2024 0.00857625
2025 0.00859965
2026 0.00857159
2027 0.00859527
2028 0.00856693
2029 0.00859091
2030 0.0085623
2031 0.00858657
2032 0.00855768
2033 0.00858224
2034 0.00855308
2035 0.00857793
2036 0.00854849
2037 0.00857363
2038 0.00854392
2039 0.00856934
2040 0.00853936
2041 0.00856507
2042 0.00853482
2043 0.00856082
2044 0.0085303
2045 0.00855657
2046 0.00852578
2047 0.00855234
2048 0.00852128
2049 0.00854813
2050 0.0085168
2051 0.00854392
2052 0.00851233
2053 0.00853973
2054 0.00850787
2055 0.00853555
2056 0.00850342
2057 0.00853139
2058 0.00849899
2059 0.00852723
2060 0.00849457
2061 0.00852309
2062 0.00849016
2063 0.00851896
2064 0.00848577
2065 0.00851484
2066 0.00848139
2067 0.00851073
2068 0.00847702
2069 0.00850663
2070 0.00847266
2071 0.00850254
2072 0.00846831
2073 0.00849846
2074 0.00846397
2075 0.0084944
2076 0.00845964
2077 0.00849034
2078 0.00845533
2079 0.0084863
2080 0.00845102
2081 0.00848226
2082 0.00844673
2083 0.00847823
2084 0.00844244
2085 0.00847421
2086 0.00843817
2087 0.0084702
2088 0.00843391
2089 0.00846621
2090 0.00842965
2091 0.00846221
2092 0.00842541
2093 0.00845823
2094 0.00842117
2095 0.00845426
2096 0.00841694
2097 0.00845029
2098 0.00841273
2099 0.00844634
2100 0.00840852
2101 0.00844239
2102 0.00840432
2103 0.00843845
2104 0.00840013
2105 0.00843451
2106 0.00839594
2107 0.00843059
2108 0.00839177
2109 0.00842667
2110 0.0083876
2111 0.00842276
2112 0.00838345
2113 0.00841886
2114 0.0083793
2115 0.00841496
2116 0.00837515
2117 0.00841107
2118 0.00837102
2119 0.00840719
2120 0.00836689
2121 0.00840331
2122 0.00836277
2123 0.00839944
2124 0.00835866
2125 0.00839558
2126 0.00835455
2127 0.00839172
2128 0.00835045
2129 0.00838787
2130 0.00834636
2131 0.00838403
2132 0.00834227
2133 0.00838019
2134 0.00833819
2135 0.00837635
2136 0.00833412
2137 0.00837253
2138 0.00833006
2139 0.00836871
2140 0.008326
2141 0.00836489
2142 0.00832194
2143 0.00836108
2144 0.00831789
2145 0.00835727
2146 0.00831385
2147 0.00835347
2148 0.00830982
2149 0.00834968
2150 0.00830579
2151 0.00834589
2152 0.00830176
2153 0.0083421
2154 0.00829774
2155 0.00833832
2156 0.00829373
2157 0.00833454
2158 0.00828972
2159 0.00833077
2160 0.00828572
2161 0.00832701
2162 0.00828172
2163 0.00832324
2164 0.00827773
2165 0.00831949
2166 0.00827374
2167 0.00831573
2168 0.00826976
2169 0.00831198
2170 0.00826578
2171 0.00830824
2172 0.00826181
2173 0.00830449
2174 0.00825784
2175 0.00830076
2176 0.00825388
2177 0.00829702
2178 0.00824992
2179 0.00829329
2180 0.00824596
2181 0.00828957
2182 0.00824201
2183 0.00828584
2184 0.00823807
2185 0.00828212
2186 0.00823413
2187 0.00827841
2188 0.00823019
2189 0.0082747
2190 0.00822625
2191 0.00827099
2192 0.00822233
2193 0.00826728
2194 0.0082184
2195 0.00826358
2196 0.00821448
2197 0.00825988
2198 0.00821056
2199 0.00825618
2200 0.00820665
2201 0.00825249
2202 0.00820274
2203 0.0082488
2204 0.00819883
2205 0.00824511
2206 0.00819493
2207 0.00824143
2208 0.00819103
2209 0.00823775
2210 0.00818713
2211 0.00823407
2212 0.00818324
2213 0.00823039
2214 0.00817935
2215 0.00822672
2216 0.00817546
2217 0.00822305
2218 0.00817158
2219 0.00821938
2220 0.0081677
2221 0.00821571
2222 0.00816383
2223 0.00821205
2224 0.00815995
2225 0.00820839
2226 0.00815608
2227 0.00820473
2228 0.00815222
2229 0.00820107
2230 0.00814835
2231 0.00819742
2232 0.00814449
2233 0.00819377
2234 0.00814063
2235 0.00819012
2236 0.00813678
2237 0.00818647
2238 0.00813293
2239 0.00818282
2240 0.00812908
2241 0.00817918
2242 0.00812523
2243 0.00817554
2244 0.00812139
2245 0.0081719
2246 0.00811755
2247 0.00816826
2248 0.00811371
2249 0.00816463
2250 0.00810987
2251 0.00816099
2252 0.00810604
2253 0.00815736
2254 0.00810221
2255 0.00815373
2256 0.00809838
2257 0.0081501
2258 0.00809455
2259 0.00814648
2260 0.00809073
2261 0.00814285
2262 0.00808691
2263 0.00813923
2264 0.00808309
2265 0.00813561
2266 0.00807927
2267 0.00813199
2268 0.00807546
2269 0.00812837
2270 0.00807165
2271 0.00812476
2272 0.00806784
2273 0.00812114
2274 0.00806403
2275 0.00811753
2276 0.00806023
2277 0.00811392
2278 0.00805642
2279 0.00811031
2280 0.00805262
2281 0.0081067
2282 0.00804882
2283 0.00810309
2284 0.00804503
2285 0.00809948
2286 0.00804123
2287 0.00809588
2288 0.00803744
2289 0.00809228
2290 0.00803365
2291 0.00808868
2292 0.00802986
2293 0.00808508
2294 0.00802608
2295 0.00808148
2296 0.00802229
2297 0.00807788
2298 0.00801851
2299 0.00807428
2300 0.00801473
2301 0.00807069
2302 0.00801096
2303 0.00806709
2304 0.00800718
2305 0.0080635
2306 0.00800341
2307 0.00805991
2308 0.00799963
2309 0.00805632
2310 0.00799586
2311 0.00805273
2312 0.00799209
2313 0.00804914
2314 0.00798833
2315 0.00804556
2316 0.00798456
2317 0.00804197
2318 0.0079808
2319 0.00803839
2320 0.00797704
2321 0.00803481
2322 0.00797328
2323 0.00803122
2324 0.00796952
2325 0.00802764
2326 0.00796577
2327 0.00802406
2328 0.00796201
2329 0.00802049
2330 0.00795826
2331 0.00801691
2332 0.00795451
2333 0.00801333
2334 0.00795076
2335 0.00800976
2336 0.00794702
2337 0.00800618
2338 0.00794327
2339 0.00800261
2340 0.00793953
2341 0.00799904
2342 0.00793579
2343 0.00799547
2344 0.00793205
2345 0.0079919
2346 0.00792831
2347 0.00798833
2348 0.00792457
2349 0.00798476
2350 0.00792084
2351 0.0079812
2352 0.00791711
2353 0.00797763
2354 0.00791338
2355 0.00797407
2356 0.00790965
2357 0.0079705
2358 0.00790592
2359 0.00796694
2360 0.00790219
2361 0.00796338
2362 0.00789847
2363 0.00795982
2364 0.00789475
2365 0.00795626
2366 0.00789103
2367 0.0079527
2368 0.00788731
2369 0.00794914
2370 0.00788359
2371 0.00794559
2372 0.00787987
2373 0.00794203
2374 0.00787616
2375 0.00793848
2376 0.00787245
2377 0.00793492
2378 0.00786873
2379 0.00793137
2380 0.00786503
2381 0.00792782
2382 0.00786132
2383 0.00792427
2384 0.00785761
2385 0.00792072
2386 0.00785391
2387 0.00791717
2388 0.0078502
2389 0.00791363
2390 0.0078465
2391 0.00791008
2392 0.0078428
2393 0.00790654
2394 0.00783911
2395 0.00790299
2396 0.00783541
2397 0.00789945
2398 0.00783172
2399 0.00789591
2400 0.00782802
2401 0.00789237
2402 0.00782433
2403 0.00788883
2404 0.00782064
2405 0.00788529
2406 0.00781695
2407 0.00788175
2408 0.00781327
2409 0.00787821
2410 0.00780958
2411 0.00787468
2412 0.0078059
2413 0.00787114
2414 0.00780222
2415 0.00786761
2416 0.00779854
2417 0.00786408
2418 0.00779486
2419 0.00786054
2420 0.00779119
2421 0.00785701
2422 0.00778751
2423 0.00785348
2424 0.00778384
2425 0.00784996
2426 0.00778017
2427 0.00784643
2428 0.0077765
2429 0.0078429
2430 0.00777283
2431 0.00783938
2432 0.00776917
2433 0.00783585
2434 0.0077655
2435 0.00783233
2436 0.00776184
2437 0.00782881
2438 0.00775818
2439 0.00782529
2440 0.00775452
2441 0.00782177
2442 0.00775087
2443 0.00781825
2444 0.00774721
2445 0.00781474
2446 0.00774356
2447 0.00781122
2448 0.00773991
2449 0.0078077
2450 0.00773626
2451 0.00780419
2452 0.00773261
2453 0.00780068
2454 0.00772896
2455 0.00779717
2456 0.00772532
2457 0.00779366
2458 0.00772167
2459 0.00779015
2460 0.00771803
2461 0.00778664
2462 0.00771439
2463 0.00778313
2464 0.00771076
2465 0.00777963
2466 0.00770712
2467 0.00777613
2468 0.00770349
2469 0.00777262
2470 0.00769985
2471 0.00776912
2472 0.00769622
2473 0.00776562
2474 0.0076926
2475 0.00776212
2476 0.00768897
2477 0.00775862
2478 0.00768535
2479 0.00775513
2480 0.00768172
2481 0.00775163
2482 0.0076781
2483 0.00774814
2484 0.00767448
2485 0.00774465
2486 0.00767087
2487 0.00774116
2488 0.00766725
2489 0.00773767
2490 0.00766364
2491 0.00773418
2492 0.00766003
2493 0.00773069
2494 0.00765642
2495 0.0077272
2496 0.00765281
2497 0.00772372
2498 0.0076492
2499 0.00772024
2500 0.0076456
2501 0.00771675
2502 0.007642
2503 0.00771327
2504 0.0076384
2505 0.0077098
2506 0.0076348
2507 0.00770632
2508 0.00763121
2509 0.00770284
2510 0.00762761
2511 0.00769937
2512 0.00762402
2513 0.00769589
2514 0.00762043
2515 0.00769242
2516 0.00761684
2517 0.00768895
2518 0.00761326
2519 0.00768548
2520 0.00760967
2521 0.00768202
2522 0.00760609
2523 0.00767855
2524 0.00760251
2525 0.00767509
2526 0.00759893
2527 0.00767162
2528 0.00759536
2529 0.00766816
2530 0.00759179
2531 0.0076647
2532 0.00758821
2533 0.00766124
2534 0.00758465
2535 0.00765779
2536 0.00758108
2537 0.00765433
2538 0.00757751
2539 0.00765088
2540 0.00757395
2541 0.00764743
2542 0.00757039
2543 0.00764398
2544 0.00756683
2545 0.00764053
2546 0.00756327
2547 0.00763708
2548 0.00755972
2549 0.00763363
2550 0.00755617
2551 0.00763019
2552 0.00755262
2553 0.00762675
2554 0.00754907
2555 0.00762331
2556 0.00754552
2557 0.00761987
2558 0.00754198
2559 0.00761643
2560 0.00753844
2561 0.00761299
2562 0.0075349
2563 0.00760956
2564 0.00753136
2565 0.00760613
2566 0.00752783
2567 0.0076027
2568 0.0075243
2569 0.00759927
2570 0.00752077
2571 0.00759584
2572 0.00751724
2573 0.00759242
2574 0.00751371
2575 0.00758899
2576 0.00751019
2577 0.00758557
2578 0.00750667
2579 0.00758215
2580 0.00750315
2581 0.00757873
2582 0.00749963
2583 0.00757532
2584 0.00749612
2585 0.0075719
2586 0.00749261
2587 0.00756849
2588 0.0074891
2589 0.00756508
2590 0.00748559
2591 0.00756167
2592 0.00748209
2593 0.00755826
2594 0.00747858
2595 0.00755486
2596 0.00747508
2597 0.00755145
2598 0.00747159
2599 0.00754805
2600 0.00746809
2601 0.00754465
2602 0.0074646
2603 0.00754125
2604 0.00746111
2605 0.00753786
2606 0.00745762
2607 0.00753446
2608 0.00745413
2609 0.00753107
2610 0.00745065
2611 0.00752768
2612 0.00744717
2613 0.00752429
2614 0.00744369
2615 0.0075209
2616 0.00744021
2617 0.00751752
2618 0.00743674
2619 0.00751414
2620 0.00743327
2621 0.00751076
2622 0.0074298
2623 0.00750738
2624 0.00742633
2625 0.007504
2626 0.00742287
2627 0.00750063
2628 0.00741941
2629 0.00749725
2630 0.00741595
2631 0.00749388
2632 0.00741249
2633 0.00749051
2634 0.00740904
2635 0.00748715
2636 0.00740559
2637 0.00748378
2638 0.00740214
2639 0.00748042
2640 0.00739869
2641 0.00747706
2642 0.00739525
2643 0.0074737
2644 0.00739181
2645 0.00747035
2646 0.00738837
2647 0.00746699
2648 0.00738493
2649 0.00746364
2650 0.0073815
2651 0.00746029
2652 0.00737807
2653 0.00745694
2654 0.00737464
2655 0.0074536
2656 0.00737121
2657 0.00745025
2658 0.00736779
2659 0.00744691
2660 0.00736437
2661 0.00744357
2662 0.00736095
2663 0.00744024
2664 0.00735754
2665 0.0074369
2666 0.00735413
2667 0.00743357
2668 0.00735072
2669 0.00743024
2670 0.00734731
2671 0.00742691
2672 0.0073439
2673 0.00742358
2674 0.0073405
2675 0.00742026
2676 0.0073371
2677 0.00741694
2678 0.0073337
2679 0.00741362
2680 0.00733031
2681 0.0074103
2682 0.00732692
2683 0.00740699
2684 0.00732353
2685 0.00740367
2686 0.00732014
2687 0.00740036
2688 0.00731676
2689 0.00739705
2690 0.00731338
2691 0.00739375
2692 0.00731
2693 0.00739045
2694 0.00730663
2695 0.00738714
2696 0.00730325
2697 0.00738384
2698 0.00729988
2699 0.00738055
2700 0.00729652
2701 0.00737725
2702 0.00729315
2703 0.00737396
2704 0.00728979
2705 0.00737067
2706 0.00728643
2707 0.00736738
2708 0.00728307
2709 0.0073641
2710 0.00727972
2711 0.00736082
2712 0.00727637
2713 0.00735754
2714 0.00727302
2715 0.00735426
2716 0.00726968
2717 0.00735098
2718 0.00726634
2719 0.00734771
2720 0.007263
2721 0.00734444
2722 0.00725966
2723 0.00734117
2724 0.00725632
2725 0.0073379
2726 0.00725299
2727 0.00733464
2728 0.00724967
2729 0.00733138
2730 0.00724634
2731 0.00732812
2732 0.00724302
2733 0.00732486
2734 0.0072397
2735 0.00732161
2736 0.00723638
2737 0.00731836
2738 0.00723307
2739 0.00731511
2740 0.00722975
2741 0.00731186
2742 0.00722645
2743 0.00730862
2744 0.00722314
2745 0.00730537
2746 0.00721984
2747 0.00730213
2748 0.00721654
2749 0.0072989
2750 0.00721324
2751 0.00729566
2752 0.00720994
2753 0.00729243
2754 0.00720665
2755 0.0072892
2756 0.00720336
2757 0.00728597
2758 0.00720008
2759 0.00728275
2760 0.0071968
2761 0.00727953
2762 0.00719352
2763 0.00727631
2764 0.00719024
2765 0.00727309
2766 0.00718696
2767 0.00726988
2768 0.00718369
2769 0.00726666
2770 0.00718042
2771 0.00726345
2772 0.00717716
2773 0.00726025
2774 0.0071739
2775 0.00725704
2776 0.00717064
2777 0.00725384
2778 0.00716738
2779 0.00725064
2780 0.00716413
2781 0.00724745
2782 0.00716087
2783 0.00724425
2784 0.00715763
2785 0.00724106
2786 0.00715438
2787 0.00723787
2788 0.00715114
2789 0.00723468
2790 0.0071479
2791 0.0072315
2792 0.00714466
2793 0.00722832
2794 0.00714143
2795 0.00722514
2796 0.0071382
2797 0.00722196
2798 0.00713497
2799 0.00721879
2800 0.00713175
2801 0.00721562
2802 0.00712852
2803 0.00721245
2804 0.0071253
2805 0.00720928
2806 0.00712209
2807 0.00720612
2808 0.00711888
2809 0.00720296
2810 0.00711567
2811 0.0071998
2812 0.00711246
2813 0.00719664
2814 0.00710925
2815 0.00719349
2816 0.00710605
2817 0.00719034
2818 0.00710285
2819 0.00718719
2820 0.00709966
2821 0.00718405
2822 0.00709647
2823 0.0071809
2824 0.00709328
2825 0.00717777
2826 0.00709009
2827 0.00717463
2828 0.00708691
2829 0.00717149
2830 0.00708373
2831 0.00716836
2832 0.00708055
2833 0.00716523
2834 0.00707737
2835 0.0071621
2836 0.0070742
2837 0.00715898
2838 0.00707103
2839 0.00715586
2840 0.00706787
2841 0.00715274
2842 0.00706471
2843 0.00714962
2844 0.00706155
2845 0.00714651
2846 0.00705839
2847 0.0071434
2848 0.00705524
2849 0.00714029
2850 0.00705208
2851 0.00713719
2852 0.00704894
2853 0.00713408
2854 0.00704579
2855 0.00713098
2856 0.00704265
2857 0.00712788
2858 0.00703951
2859 0.00712479
2860 0.00703638
2861 0.0071217
2862 0.00703324
2863 0.00711861
2864 0.00703011
2865 0.00711552
2866 0.00702699
2867 0.00711244
2868 0.00702386
2869 0.00710936
2870 0.00702074
2871 0.00710628
2872 0.00701762
2873 0.0071032
2874 0.00701451
2875 0.00710013
2876 0.00701139
2877 0.00709706
2878 0.00700829
2879 0.00709399
2880 0.00700518
2881 0.00709092
2882 0.00700208
2883 0.00708786
2884 0.00699898
2885 0.0070848
2886 0.00699588
2887 0.00708174
2888 0.00699278
2889 0.00707869
2890 0.00698969
2891 0.00707563
2892 0.00698661
2893 0.00707258
2894 0.00698352
2895 0.00706954
2896 0.00698044
2897 0.00706649
2898 0.00697736
2899 0.00706345
2900 0.00697428
2901 0.00706041
2902 0.00697121
2903 0.00705738
2904 0.00696814
2905 0.00705434
2906 0.00696507
2907 0.00705131
2908 0.00696201
2909 0.00704829
2910 0.00695894
2911 0.00704526
2912 0.00695589
2913 0.00704224
2914 0.00695283
2915 0.00703922
2916 0.00694978
2917 0.0070362
2918 0.00694673
2919 0.00703319
2920 0.00694368
2921 0.00703018
2922 0.00694064
2923 0.00702717
2924 0.0069376
2925 0.00702416
2926 0.00693456
2927 0.00702116
2928 0.00693153
2929 0.00701816
2930 0.00692849
2931 0.00701516
2932 0.00692546
2933 0.00701216
2934 0.00692244
2935 0.00700917
2936 0.00691942
2937 0.00700618
2938 0.0069164
2939 0.00700319
2940 0.00691338
2941 0.00700021
2942 0.00691036
2943 0.00699722
2944 0.00690735
2945 0.00699424
2946 0.00690435
2947 0.00699127
2948 0.00690134
2949 0.00698829
2950 0.00689834
2951 0.00698532
2952 0.00689534
2953 0.00698235
2954 0.00689234
2955 0.00697939
2956 0.00688935
2957 0.00697642
2958 0.00688636
2959 0.00697346
2960 0.00688337
2961 0.00697051
2962 0.00688039
2963 0.00696755
2964 0.0068774
2965 0.0069646
2966 0.00687443
2967 0.00696165
2968 0.00687145
2969 0.0069587
2970 0.00686848
2971 0.00695576
2972 0.00686551
2973 0.00695281
2974 0.00686254
2975 0.00694987
2976 0.00685958
2977 0.00694694
2978 0.00685661
2979 0.006944
2980 0.00685366
2981 0.00694107
2982 0.0068507
2983 0.00693814
2984 0.00684775
2985 0.00693522
2986 0.0068448
2987 0.00693229
2988 0.00684185
2989 0.00692937
2990 0.00683891
2991 0.00692646
2992 0.00683597
2993 0.00692354
2994 0.00683303
2995 0.00692063
2996 0.00683009
2997 0.00691772
2998 0.00682716
2999 0.00691481
3000 0.00682423
3001 0.00691191
3002 0.0068213
3003 0.006909
3004 0.00681838
3005 0.0069061
3006 0.00681546
3007 0.00690321
3008 0.00681254
3009 0.00690031
3010 0.00680963
3011 0.00689742
3012 0.00680671
3013 0.00689453
3014 0.00680381
3015 0.00689165
3016 0.0068009
3017 0.00688876
3018 0.006798
3019 0.00688588
3020 0.00679509
3021 0.006883
3022 0.0067922
3023 0.00688013
3024 0.0067893
3025 0.00687726
3026 0.00678641
3027 0.00687438
3028 0.00678352
3029 0.00687152
3030 0.00678063
3031 0.00686865
3032 0.00677775
3033 0.00686579
3034 0.00677487
3035 0.00686293
3036 0.00677199
3037 0.00686007
3038 0.00676912
3039 0.00685722
3040 0.00676624
3041 0.00685436
3042 0.00676337
3043 0.00685152
3044 0.00676051
3045 0.00684867
3046 0.00675764
3047 0.00684582
3048 0.00675478
3049 0.00684298
3050 0.00675192
3051 0.00684014
3052 0.00674907
3053 0.00683731
3054 0.00674621
3055 0.00683447
3056 0.00674336
3057 0.00683164
3058 0.00674052
3059 0.00682881
3060 0.00673767
3061 0.00682599
3062 0.00673483
3063 0.00682316
3064 0.00673199
3065 0.00682034
3066 0.00672915
3067 0.00681752
3068 0.00672632
3069 0.00681471
3070 0.00672349
3071 0.00681189
3072 0.00672066
3073 0.00680908
3074 0.00671784
3075 0.00680627
3076 0.00671501
3077 0.00680347
3078 0.00671219
3079 0.00680066
3080 0.00670938
3081 0.00679786
3082 0.00670656
3083 0.00679506
3084 0.00670375
3085 0.00679227
3086 0.00670094
3087 0.00678947
3088 0.00669814
3089 0.00678668
3090 0.00669533
3091 0.0067839
3092 0.00669253
3093 0.00678111
3094 0.00668973
3095 0.00677833
3096 0.00668694
3097 0.00677555
3098 0.00668415
3099 0.00677277
3100 0.00668136
3101 0.00676999
3102 0.00667857
3103 0.00676722
3104 0.00667578
3105 0.00676445
3106 0.006673
3107 0.00676168
3108 0.00667022
3109 0.00675891
3110 0.00666745
3111 0.00675615
3112 0.00666467
3113 0.00675339
3114 0.0066619
3115 0.00675063
3116 0.00665913
3117 0.00674788
3118 0.00665637
3119 0.00674512
3120 0.0066536
3121 0.00674237
3122 0.00665084
3123 0.00673962
3124 0.00664808
3125 0.00673688
3126 0.00664533
3127 0.00673413
3128 0.00664257
3129 0.00673139
3130 0.00663982
3131 0.00672865
3132 0.00663708
3133 0.00672592
3134 0.00663433
3135 0.00672318
3136 0.00663159
3137 0.00672045
3138 0.00662885
3139 0.00671772
3140 0.00662611
3141 0.006715
3142 0.00662338
3143 0.00671227
3144 0.00662064
3145 0.00670955
3146 0.00661791
3147 0.00670683
3148 0.00661519
3149 0.00670411
3150 0.00661246
3151 0.0067014
3152 0.00660974
3153 0.00669869
3154 0.00660702
3155 0.00669598
3156 0.0066043
3157 0.00669327
3158 0.00660159
3159 0.00669056
3160 0.00659888
3161 0.00668786
3162 0.00659617
3163 0.00668516
3164 0.00659346
3165 0.00668246
3166 0.00659076
3167 0.00667977
3168 0.00658805
3169 0.00667707
3170 0.00658535
3171 0.00667438
3172 0.00658266
3173 0.00667169
3174 0.00657996
3175 0.00666901
3176 0.00657727
3177 0.00666632
3178 0.00657458
3179 0.00666364
3180 0.0065719
3181 0.00666096
3182 0.00656921
3183 0.00665829
3184 0.00656653
3185 0.00665561
3186 0.00656385
3187 0.00665294
3188 0.00656117
3189 0.00665027
3190 0.0065585
3191 0.0066476
3192 0.00655582
3193 0.00664493
3194 0.00655315
3195 0.00664227
3196 0.00655049
3197 0.00663961
3198 0.00654782
3199 0.00663695
3200 0.00654516
3201 0.00663429
3202 0.0065425
3203 0.00663164
3204 0.00653984
3205 0.00662899
3206 0.00653719
3207 0.00662634
3208 0.00653453
3209 0.00662369
3210 0.00653188
3211 0.00662105
3212 0.00652923
3213 0.0066184
3214 0.00652659
3215 0.00661576
3216 0.00652394
3217 0.00661312
3218 0.0065213
3219 0.00661049
3220 0.00651866
3221 0.00660785
3222 0.00651603
3223 0.00660522
3224 0.00651339
3225 0.00660259
3226 0.00651076
3227 0.00659996
3228 0.00650813
3229 0.00659734
3230 0.0065055
3231 0.00659471
3232 0.00650288
3233 0.00659209
3234 0.00650026
3235 0.00658947
3236 0.00649764
3237 0.00658686
3238 0.00649502
3239 0.00658424
3240 0.0064924
3241 0.00658163
3242 0.00648979
3243 0.00657902
3244 0.00648718
3245 0.00657641
3246 0.00648457
3247 0.00657381
3248 0.00648196
3249 0.0065712
3250 0.00647936
3251 0.0065686
3252 0.00647676
3253 0.006566
3254 0.00647416
3255 0.0065634
3256 0.00647156
3257 0.00656081
3258 0.00646896
3259 0.00655821
3260 0.00646637
3261 0.00655562
3262 0.00646378
3263 0.00655303
3264 0.00646119
3265 0.00655045
3266 0.0064586
3267 0.00654786
3268 0.00645602
3269 0.00654528
3270 0.00645343
3271 0.0065427
3272 0.00645085
3273 0.00654012
3274 0.00644828
3275 0.00653754
3276 0.0064457
3277 0.00653497
3278 0.00644313
3279 0.00653239
3280 0.00644056
3281 0.00652982
3282 0.00643799
3283 0.00652726
3284 0.00643542
3285 0.00652469
3286 0.00643285
3287 0.00652212
3288 0.00643029
3289 0.00651956
3290 0.00642773
3291 0.006517
3292 0.00642517
3293 0.00651444
3294 0.00642261
3295 0.00651189
3296 0.00642006
3297 0.00650933
3298 0.00641751
3299 0.00650678
3300 0.00641496
3301 0.00650423
3302 0.00641241
3303 0.00650168
3304 0.00640986
3305 0.00649913
3306 0.00640732
3307 0.00649659
3308 0.00640477
3309 0.00649404
3310 0.00640223
3311 0.0064915
3312 0.0063997
3313 0.00648896
3314 0.00639716
3315 0.00648643
3316 0.00639463
3317 0.00648389
3318 0.00639209
3319 0.00648136
3320 0.00638956
3321 0.00647883
3322 0.00638703
3323 0.0064763
3324 0.00638451
3325 0.00647377
3326 0.00638198
3327 0.00647124
3328 0.00637946
3329 0.00646872
3330 0.00637694
3331 0.0064662
3332 0.00637442
3333 0.00646368
3334 0.00637191
3335 0.00646116
3336 0.00636939
3337 0.00645864
3338 0.00636688
3339 0.00645612
3340 0.00636437
3341 0.00645361
3342 0.00636186
3343 0.0064511
3344 0.00635935
3345 0.00644859
3346 0.00635685
3347 0.00644608
3348 0.00635434
3349 0.00644358
3350 0.00635184
3351 0.00644107
3352 0.00634934
3353 0.00643857
3354 0.00634685
3355 0.00643607
3356 0.00634435
3357 0.00643357
3358 0.00634186
3359 0.00643107
3360 0.00633937
3361 0.00642858
3362 0.00633688
3363 0.00642609
3364 0.00633439
3365 0.00642359
3366 0.0063319
3367 0.0064211
3368 0.00632942
3369 0.00641862
3370 0.00632693
3371 0.00641613
3372 0.00632445
3373 0.00641364
3374 0.00632197
3375 0.00641116
3376 0.0063195
3377 0.00640868
3378 0.00631702
3379 0.0064062
3380 0.00631455
3381 0.00640372
3382 0.00631207
3383 0.00640124
3384 0.0063096
3385 0.00639877
3386 0.00630713
3387 0.0063963
3388 0.00630467
3389 0.00639382
3390 0.0063022
3391 0.00639135
3392 0.00629974
3393 0.00638889
3394 0.00629728
3395 0.00638642
3396 0.00629482
3397 0.00638395
3398 0.00629236
3399 0.00638149
3400 0.0062899
3401 0.00637903
3402 0.00628744
3403 0.00637657
3404 0.00628499
3405 0.00637411
3406 0.00628254
3407 0.00637165
3408 0.00628009
3409 0.00636919
3410 0.00627764
3411 0.00636674
3412 0.00627519
3413 0.00636429
3414 0.00627275
3415 0.00636184
3416 0.0062703
3417 0.00635939
3418 0.00626786
3419 0.00635694
3420 0.00626542
3421 0.00635449
3422 0.00626298
3423 0.00635204
3424 0.00626054
3425 0.0063496
3426 0.00625811
3427 0.00634716
3428 0.00625567
3429 0.00634472
3430 0.00625324
3431 0.00634228
3432 0.00625081
3433 0.00633984
3434 0.00624838
3435 0.0063374
3436 0.00624595
3437 0.00633497
3438 0.00624352
3439 0.00633253
3440 0.00624109
3441 0.0063301
3442 0.00623867
3443 0.00632767
3444 0.00623625
3445 0.00632524
3446 0.00623383
3447 0.00632281
3448 0.00623141
3449 0.00632038
3450 0.00622899
3451 0.00631796
3452 0.00622657
3453 0.00631553
3454 0.00622415
3455 0.00631311
3456 0.00622174
3457 0.00631069
3458 0.00621933
3459 0.00630827
3460 0.00621692
3461 0.00630585
3462 0.00621451
3463 0.00630343
3464 0.0062121
3465 0.00630101
3466 0.00620969
3467 0.0062986
3468 0.00620728
3469 0.00629618
3470 0.00620488
3471 0.00629377
3472 0.00620247
3473 0.00629136
3474 0.00620007
3475 0.00628895
3476 0.00619767
3477 0.00628654
3478 0.00619527
3479 0.00628413
3480 0.00619287
3481 0.00628172
3482 0.00619047
3483 0.00627932
3484 0.00618808
3485 0.00627691
3486 0.00618568
3487 0.00627451
3488 0.00618329
3489 0.00627211
3490 0.0061809
3491 0.00626971
3492 0.0061785
3493 0.0062673
3494 0.00617611
3495 0.00626491
3496 0.00617372
3497 0.00626251
3498 0.00617134
3499 0.00626011
3500 0.00616895
3501 0.00625771
3502 0.00616656
3503 0.00625532
3504 0.00616418
3505 0.00625293
3506 0.0061618
3507 0.00625053
3508 0.00615941
3509 0.00624814
3510 0.00615703
3511 0.00624575
3512 0.00615465
3513 0.00624336
3514 0.00615227
3515 0.00624097
3516 0.00614989
3517 0.00623858
3518 0.00614752
3519 0.00623619
3520 0.00614514
3521 0.00623381
3522 0.00614276
3523 0.00623142
3524 0.00614039
3525 0.00622904
3526 0.00613802
3527 0.00622666
3528 0.00613564
3529 0.00622427
3530 0.00613327
3531 0.00622189
3532 0.0061309
3533 0.00621951
3534 0.00612853
3535 0.00621713
3536 0.00612616
3537 0.00621475
3538 0.00612379
3539 0.00621237
3540 0.00612143
3541 0.00620999
3542 0.00611906
3543 0.00620762
3544 0.00611669
3545 0.00620524
3546 0.00611433
3547 0.00620286
3548 0.00611196
3549 0.00620049
3550 0.0061096
3551 0.00619811
3552 0.00610724
3553 0.00619574
3554 0.00610488
3555 0.00619337
3556 0.00610252
3557 0.00619099
3558 0.00610016
3559 0.00618862
3560 0.0060978
3561 0.00618625
3562 0.00609544
3563 0.00618388
3564 0.00609308
3565 0.00618151
3566 0.00609072
3567 0.00617914
3568 0.00608836
3569 0.00617677
3570 0.00608601
3571 0.0061744
3572 0.00608365
3573 0.00617204
3574 0.00608129
3575 0.00616967
3576 0.00607894
3577 0.0061673
3578 0.00607658
3579 0.00616494
3580 0.00607423
3581 0.00616257
3582 0.00607188
3583 0.0061602
3584 0.00606952
3585 0.00615784
3586 0.00606717
3587 0.00615547
3588 0.00606482
3589 0.00615311
3590 0.00606247
3591 0.00615075
3592 0.00606012
3593 0.00614838
3594 0.00605777
3595 0.00614602
3596 0.00605542
3597 0.00614366
3598 0.00605306
3599 0.00614129
3600 0.00605071
3601 0.00613893
3602 0.00604837
3603 0.00613657
3604 0.00604602
3605 0.0061342
3606 0.00604367
3607 0.00613184
3608 0.00604132
3609 0.00612948
3610 0.00603897
3611 0.00612712
3612 0.00603662
3613 0.00612476
3614 0.00603427
3615 0.0061224
3616 0.00603192
3617 0.00612003
3618 0.00602958
3619 0.00611767
3620 0.00602723
3621 0.00611531
3622 0.00602488
3623 0.00611295
3624 0.00602253
3625 0.00611059
3626 0.00602018
3627 0.00610823
3628 0.00601784
3629 0.00610586
3630 0.00601549
3631 0.0061035
3632 0.00601314
3633 0.00610114
3634 0.00601079
3635 0.00609878
3636 0.00600845
3637 0.00609642
3638 0.0060061
3639 0.00609405
3640 0.00600375
3641 0.00609169
3642 0.0060014
3643 0.00608933
3644 0.00599905
3645 0.00608697
3646 0.0059967
3647 0.0060846
3648 0.00599435
3649 0.00608224
3650 0.00599201
3651 0.00607987
3652 0.00598966
3653 0.00607751
3654 0.00598731
3655 0.00607514
3656 0.00598496
3657 0.00607278
3658 0.00598261
3659 0.00607041
3660 0.00598025
3661 0.00606805
3662 0.0059779
3663 0.00606568
3664 0.00597555
3665 0.00606331
3666 0.0059732
3667 0.00606094
3668 0.00597085
3669 0.00605858
3670 0.00596849
3671 0.00605621
3672 0.00596614
3673 0.00605384
3674 0.00596378
3675 0.00605147
3676 0.00596143
3677 0.0060491
3678 0.00595907
3679 0.00604672
3680 0.00595672
3681 0.00604435
3682 0.00595436
3683 0.00604198
3684 0.005952
3685 0.0060396
3686 0.00594964
3687 0.00603723
3688 0.00594728
3689 0.00603485
3690 0.00594492
3691 0.00603247
3692 0.00594256
3693 0.0060301
3694 0.0059402
3695 0.00602772
3696 0.00593784
3697 0.00602534
3698 0.00593547
3699 0.00602295
3700 0.00593311
3701 0.00602057
3702 0.00593074
3703 0.00601819
3704 0.00592837
3705 0.0060158
3706 0.00592601
3707 0.00601342
3708 0.00592364
3709 0.00601103
3710 0.00592127
3711 0.00600864
3712 0.00591889
3713 0.00600625
3714 0.00591652
3715 0.00600386
3716 0.00591415
3717 0.00600147
3718 0.00591177
3719 0.00599907
3720 0.00590939
3721 0.00599668
3722 0.00590702
3723 0.00599428
3724 0.00590464
3725 0.00599188
3726 0.00590226
3727 0.00598948
3728 0.00589987
3729 0.00598708
3730 0.00589749
3731 0.00598468
3732 0.0058951
3733 0.00598227
3734 0.00589271
3735 0.00597986
3736 0.00589033
3737 0.00597746
3738 0.00588793
3739 0.00597504
3740 0.00588554
3741 0.00597263
3742 0.00588315
3743 0.00597022
3744 0.00588075
3745 0.0059678
3746 0.00587835
3747 0.00596538
3748 0.00587595
3749 0.00596296
3750 0.00587355
3751 0.00596054
3752 0.00587115
3753 0.00595811
3754 0.00586874
3755 0.00595569
3756 0.00586633
3757 0.00595326
3758 0.00586392
3759 0.00595083
3760 0.00586151
3761 0.00594839
3762 0.00585909
3763 0.00594596
3764 0.00585668
3765 0.00594352
3766 0.00585426
3767 0.00594108
3768 0.00585184
3769 0.00593863
3770 0.00584941
3771 0.00593618
3772 0.00584699
3773 0.00593374
3774 0.00584456
3775 0.00593128
3776 0.00584212
3777 0.00592883
3778 0.00583969
3779 0.00592637
3780 0.00583725
3781 0.00592391
3782 0.00583481
3783 0.00592145
3784 0.00583237
3785 0.00591898
3786 0.00582993
3787 0.00591651
3788 0.00582748
3789 0.00591404
3790 0.00582503
3791 0.00591157
3792 0.00582257
3793 0.00590909
3794 0.00582012
3795 0.00590661
3796 0.00581766
3797 0.00590412
3798 0.00581519
3799 0.00590163
3800 0.00581273
3801 0.00589914
3802 0.00581026
3803 0.00589665
3804 0.00580778
3805 0.00589415
3806 0.00580531
3807 0.00589165
3808 0.00580283
3809 0.00588914
3810 0.00580034
3811 0.00588663
3812 0.00579786
3813 0.00588412
3814 0.00579537
3815 0.0058816
3816 0.00579287
3817 0.00587908
3818 0.00579037
3819 0.00587655
3820 0.00578787
3821 0.00587403
3822 0.00578537
3823 0.00587149
3824 0.00578286
3825 0.00586896
3826 0.00578034
3827 0.00586641
3828 0.00577783
3829 0.00586387
3830 0.0057753
3831 0.00586132
3832 0.00577278
3833 0.00585877
3834 0.00577025
3835 0.00585621
3836 0.00576772
3837 0.00585364
3838 0.00576518
3839 0.00585108
3840 0.00576263
3841 0.0058485
3842 0.00576009
3843 0.00584593
3844 0.00575754
3845 0.00584334
3846 0.00575498
3847 0.00584076
3848 0.00575242
3849 0.00583817
3850 0.00574985
3851 0.00583557
3852 0.00574728
3853 0.00583297
3854 0.00574471
3855 0.00583036
3856 0.00574213
3857 0.00582775
3858 0.00573954
3859 0.00582513
3860 0.00573695
3861 0.00582251
3862 0.00573436
3863 0.00581988
3864 0.00573176
3865 0.00581725
3866 0.00572915
3867 0.00581461
3868 0.00572654
3869 0.00581196
3870 0.00572392
3871 0.00580931
3872 0.0057213
3873 0.00580666
3874 0.00571867
3875 0.005804
3876 0.00571604
3877 0.00580133
3878 0.0057134
3879 0.00579865
3880 0.00571075
3881 0.00579597
3882 0.0057081
3883 0.00579329
3884 0.00570545
3885 0.00579059
3886 0.00570278
3887 0.00578789
3888 0.00570011
3889 0.00578519
3890 0.00569744
3891 0.00578248
3892 0.00569476
3893 0.00577976
3894 0.00569207
3895 0.00577703
3896 0.00568938
3897 0.0057743
3898 0.00568668
3899 0.00577156
3900 0.00568397
3901 0.00576882
3902 0.00568126
3903 0.00576606
3904 0.00567854
3905 0.0057633
3906 0.00567581
3907 0.00576054
3908 0.00567307
3909 0.00575776
3910 0.00567033
3911 0.00575498
3912 0.00566759
3913 0.00575219
3914 0.00566483
3915 0.0057494
3916 0.00566207
3917 0.00574659
3918 0.0056593
3919 0.00574378
3920 0.00565652
3921 0.00574096
3922 0.00565374
3923 0.00573813
3924 0.00565094
3925 0.0057353
3926 0.00564815
3927 0.00573246
3928 0.00564534
3929 0.0057296
3930 0.00564252
3931 0.00572675
3932 0.0056397
3933 0.00572388
3934 0.00563687
3935 0.005721
3936 0.00563403
3937 0.00571812
3938 0.00563118
3939 0.00571522
3940 0.00562833
3941 0.00571232
3942 0.00562547
3943 0.00570941
3944 0.00562259
3945 0.00570649
3946 0.00561971
3947 0.00570356
3948 0.00561682
3949 0.00570063
3950 0.00561393
3951 0.00569768
3952 0.00561102
3953 0.00569473
3954 0.00560811
3955 0.00569176
3956 0.00560518
3957 0.00568879
3958 0.00560225
3959 0.00568581
3960 0.00559931
3961 0.00568281
3962 0.00559636
3963 0.00567981
3964 0.0055934
3965 0.0056768
3966 0.00559043
3967 0.00567378
3968 0.00558745
3969 0.00567075
3970 0.00558446
3971 0.0056677
3972 0.00558146
3973 0.00566465
3974 0.00557846
3975 0.00566159
3976 0.00557544
3977 0.00565852
3978 0.00557241
3979 0.00565544
3980 0.00556937
3981 0.00565234
3982 0.00556633
3983 0.00564924
3984 0.00556327
3985 0.00564613
3986 0.0055602
3987 0.005643
3988 0.00555713
3989 0.00563987
3990 0.00555404
3991 0.00563672
3992 0.00555094
3993 0.00563356
3994 0.00554783
3995 0.0056304
3996 0.00554471
3997 0.00562722
3998 0.00554158
3999 0.00562403
4000 0.00553844
4001 0.00562083
4002 0.00553529
4003 0.00561761
4004 0.00553213
4005 0.00561439
4006 0.00552896
4007 0.00561115
4008 0.00552577
4009 0.00560791
4010 0.00552258
4011 0.00560465
4012 0.00551937
4013 0.00560138
4014 0.00551615
4015 0.00559809
4016 0.00551293
4017 0.0055948
4018 0.00550969
4019 0.00559149
4020 0.00550643
4021 0.00558817
4022 0.00550317
4023 0.00558484
4024 0.00549989
4025 0.0055815
4026 0.00549661
4027 0.00557815
4028 0.00549331
4029 0.00557478
4030 0.00549
4031 0.0055714
4032 0.00548668
4033 0.00556801
4034 0.00548334
4035 0.0055646
4036 0.00547999
4037 0.00556118
4038 0.00547664
4039 0.00555775
4040 0.00547326
4041 0.00555431
4042 0.00546988
4043 0.00555085
4044 0.00546648
4045 0.00554738
4046 0.00546308
4047 0.0055439
4048 0.00545965
4049 0.0055404
4050 0.00545622
4051 0.00553689
4052 0.00545278
4053 0.00553337
4054 0.00544932
4055 0.00552984
4056 0.00544584
4057 0.00552629
4058 0.00544236
4059 0.00552272
4060 0.00543886
4061 0.00551915
4062 0.00543535
4063 0.00551556
4064 0.00543183
4065 0.00551196
4066 0.00542829
4067 0.00550834
4068 0.00542474
4069 0.00550471
4070 0.00542118
4071 0.00550106
4072 0.0054176
4073 0.00549741
4074 0.00541402
4075 0.00549373
4076 0.00541041
4077 0.00549005
4078 0.0054068
4079 0.00548635
4080 0.00540317
4081 0.00548263
4082 0.00539953
4083 0.00547891
4084 0.00539587
4085 0.00547516
4086 0.0053922
4087 0.00547141
4088 0.00538852
4089 0.00546764
4090 0.00538482
4091 0.00546385
4092 0.00538111
4093 0.00546005
4094 0.00537738
4095 0.00545624
4096 0.00537365
4097 0.00545241
4098 0.00536989
4099 0.00544857
4100 0.00536613
4101 0.00544471
4102 0.00536235
4103 0.00544084
4104 0.00535855
4105 0.00543695
4106 0.00535475
4107 0.00543305
4108 0.00535093
4109 0.00542914
4110 0.00534709
4111 0.00542521
4112 0.00534324
4113 0.00542126
4114 0.00533938
4115 0.0054173
4116 0.0053355
4117 0.00541333
4118 0.00533161
4119 0.00540934
4120 0.00532771
4121 0.00540534
4122 0.00532379
4123 0.00540132
4124 0.00531985
4125 0.00539729
4126 0.00531591
4127 0.00539324
4128 0.00531195
4129 0.00538918
4130 0.00530797
4131 0.00538511
4132 0.00530398
4133 0.00538102
4134 0.00529998
4135 0.00537691
4136 0.00529596
4137 0.00537279
4138 0.00529193
4139 0.00536866
4140 0.00528788
4141 0.00536451
4142 0.00528382
4143 0.00536034
4144 0.00527975
4145 0.00535616
4146 0.00527566
4147 0.00535197
4148 0.00527156
4149 0.00534776
4150 0.00526745
4151 0.00534354
4152 0.00526332
4153 0.0053393
4154 0.00525917
4155 0.00533505
4156 0.00525502
4157 0.00533079
4158 0.00525085
4159 0.00532651
4160 0.00524666
4161 0.00532221
4162 0.00524246
4163 0.0053179
4164 0.00523825
4165 0.00531358
4166 0.00523402
4167 0.00530924
4168 0.00522978
4169 0.00530489
4170 0.00522553
4171 0.00530052
4172 0.00522126
4173 0.00529614
4174 0.00521698
4175 0.00529175
4176 0.00521269
4177 0.00528734
4178 0.00520838
4179 0.00528291
4180 0.00520406
4181 0.00527848
4182 0.00519972
4183 0.00527402
4184 0.00519537
4185 0.00526956
4186 0.00519101
4187 0.00526508
4188 0.00518664
4189 0.00526059
4190 0.00518225
4191 0.00525608
4192 0.00517785
4193 0.00525156
4194 0.00517344
4195 0.00524703
4196 0.00516901
4197 0.00524248
4198 0.00516457
4199 0.00523792
4200 0.00516012
4201 0.00523335
4202 0.00515565
4203 0.00522876
4204 0.00515118
4205 0.00522416
4206 0.00514669
4207 0.00521955
4208 0.00514218
4209 0.00521492
4210 0.00513767
4211 0.00521028
4212 0.00513314
4213 0.00520563
4214 0.0051286
4215 0.00520097
4216 0.00512405
4217 0.00519629
4218 0.00511948
4219 0.0051916
4220 0.00511491
4221 0.0051869
4222 0.00511032
4223 0.00518219
4224 0.00510572
4225 0.00517746
4226 0.00510111
4227 0.00517272
4228 0.00509649
4229 0.00516797
4230 0.00509185
4231 0.00516321
4232 0.00508721
4233 0.00515843
4234 0.00508255
4235 0.00515365
4236 0.00507788
4237 0.00514885
4238 0.0050732
4239 0.00514404
4240 0.00506851
4241 0.00513922
4242 0.00506381
4243 0.00513439
4244 0.0050591
4245 0.00512955
4246 0.00505438
4247 0.00512469
4248 0.00504965
4249 0.00511983
4250 0.0050449
4251 0.00511495
4252 0.00504015
4253 0.00511007
4254 0.00503539
4255 0.00510517
4256 0.00503062
4257 0.00510027
4258 0.00502583
4259 0.00509535
4260 0.00502104
4261 0.00509043
4262 0.00501624
4263 0.00508549
4264 0.00501143
4265 0.00508054
4266 0.00500661
4267 0.00507559
4268 0.00500178
4269 0.00507062
4270 0.00499694
4271 0.00506565
4272 0.00499209
4273 0.00506067
4274 0.00498724
4275 0.00505568
4276 0.00498237
4277 0.00505067
4278 0.0049775
4279 0.00504566
4280 0.00497262
4281 0.00504065
4282 0.00496773
4283 0.00503562
4284 0.00496283
4285 0.00503059
4286 0.00495793
4287 0.00502554
4288 0.00495301
4289 0.00502049
4290 0.00494809
4291 0.00501543
4292 0.00494316
4293 0.00501037
4294 0.00493823
4295 0.00500529
4296 0.00493329
4297 0.00500021
4298 0.00492834
4299 0.00499513
4300 0.00492338
4301 0.00499003
4302 0.00491842
4303 0.00498493
4304 0.00491345
4305 0.00497982
4306 0.00490847
4307 0.00497471
4308 0.00490349
4309 0.00496959
4310 0.00489851
4311 0.00496446
4312 0.00489351
4313 0.00495933
4314 0.00488851
4315 0.00495419
4316 0.00488351
4317 0.00494904
4318 0.0048785
4319 0.00494389
4320 0.00487348
4321 0.00493874
4322 0.00486846
4323 0.00493358
4324 0.00486344
4325 0.00492841
4326 0.00485841
4327 0.00492324
4328 0.00485337
4329 0.00491807
4330 0.00484834
4331 0.00491289
4332 0.00484329
4333 0.0049077
4334 0.00483825
4335 0.00490251
4336 0.00483319
4337 0.00489732
4338 0.00482814
4339 0.00489213
4340 0.00482308
4341 0.00488693
4342 0.00481802
4343 0.00488173
4344 0.00481296
4345 0.00487652
4346 0.00480789
4347 0.00487131
4348 0.00480282
4349 0.0048661
4350 0.00479774
4351 0.00486089
4352 0.00479267
4353 0.00485567
4354 0.00478759
4355 0.00485045
4356 0.00478251
4357 0.00484523
4358 0.00477742
4359 0.00484
4360 0.00477234
4361 0.00483478
4362 0.00476725
4363 0.00482955
4364 0.00476216
4365 0.00482432
4366 0.00475707
4367 0.00481909
4368 0.00475198
4369 0.00481386
4370 0.00474689
4371 0.00480862
4372 0.00474179
4373 0.00480339
4374 0.0047367
4375 0.00479816
4376 0.0047316
4377 0.00479292
4378 0.00472651
4379 0.00478768
4380 0.00472141
4381 0.00478245
4382 0.00471632
4383 0.00477721
4384 0.00471122
4385 0.00477198
4386 0.00470612
4387 0.00476674
4388 0.00470103
4389 0.0047615
4390 0.00469593
4391 0.00475627
4392 0.00469084
4393 0.00475103
4394 0.00468574
4395 0.0047458
4396 0.00468065
4397 0.00474057
4398 0.00467555
4399 0.00473534
4400 0.00467046
4401 0.0047301
4402 0.00466537
4403 0.00472488
4404 0.00466028
4405 0.00471965
4406 0.00465519
4407 0.00471442
4408 0.00465011
4409 0.0047092
4410 0.00464502
4411 0.00470398
4412 0.00463994
4413 0.00469876
4414 0.00463486
4415 0.00469354
4416 0.00462978
4417 0.00468832
4418 0.00462471
4419 0.00468311
4420 0.00461963
4421 0.0046779
4422 0.00461456
4423 0.00467269
4424 0.00460949
4425 0.00466749
4426 0.00460443
4427 0.00466229
4428 0.00459937
4429 0.00465709
4430 0.00459431
4431 0.00465189
4432 0.00458925
4433 0.0046467
4434 0.0045842
4435 0.00464152
4436 0.00457915
4437 0.00463633
4438 0.00457411
4439 0.00463115
4440 0.00456906
4441 0.00462598
4442 0.00456403
4443 0.0046208
4444 0.00455899
4445 0.00461564
4446 0.00455396
4447 0.00461047
4448 0.00454894
4449 0.00460532
4450 0.00454392
4451 0.00460016
4452 0.0045389
4453 0.00459501
4454 0.00453389
4455 0.00458987
4456 0.00452888
4457 0.00458473
4458 0.00452388
4459 0.00457959
4460 0.00451888
4461 0.00457446
4462 0.00451389
4463 0.00456934
4464 0.0045089
4465 0.00456422
4466 0.00450392
4467 0.00455911
4468 0.00449894
4469 0.004554
4470 0.00449397
4471 0.0045489
4472 0.004489
4473 0.0045438
4474 0.00448404
4475 0.00453871
4476 0.00447909
4477 0.00453363
4478 0.00447414
4479 0.00452855
4480 0.0044692
4481 0.00452348
4482 0.00446426
4483 0.00451841
4484 0.00445933
4485 0.00451335
4486 0.0044544
4487 0.0045083
4488 0.00444948
4489 0.00450325
4490 0.00444457
4491 0.00449821
4492 0.00443966
4493 0.00449318
4494 0.00443476
4495 0.00448815
4496 0.00442987
4497 0.00448313
4498 0.00442498
4499 0.00447812
4500 0.0044201
4501 0.00447311
4502 0.00441523
4503 0.00446811
4504 0.00441036
4505 0.00446312
4506 0.0044055
4507 0.00445814
4508 0.00440065
4509 0.00445316
4510 0.0043958
4511 0.00444819
4512 0.00439097
4513 0.00444323
4514 0.00438613
4515 0.00443828
4516 0.00438131
4517 0.00443333
4518 0.00437649
4519 0.00442839
4520 0.00437168
4521 0.00442346
4522 0.00436688
4523 0.00441853
4524 0.00436209
4525 0.00441362
4526 0.0043573
4527 0.00440871
4528 0.00435252
4529 0.00440381
4530 0.00434775
4531 0.00439892
4532 0.00434299
4533 0.00439403
4534 0.00433823
4535 0.00438916
4536 0.00433348
4537 0.00438429
4538 0.00432874
4539 0.00437943
4540 0.00432401
4541 0.00437458
4542 0.00431929
4543 0.00436974
4544 0.00431457
4545 0.0043649
4546 0.00430986
4547 0.00436008
4548 0.00430516
4549 0.00435526
4550 0.00430047
4551 0.00435045
4552 0.00429579
4553 0.00434565
4554 0.00429111
4555 0.00434086
4556 0.00428644
4557 0.00433607
4558 0.00428178
4559 0.0043313
4560 0.00427713
4561 0.00432653
4562 0.00427249
4563 0.00432178
4564 0.00426786
4565 0.00431703
4566 0.00426323
4567 0.00431229
4568 0.00425862
4569 0.00430756
4570 0.00425401
4571 0.00430284
4572 0.00424941
4573 0.00429812
4574 0.00424482
4575 0.00429342
4576 0.00424023
4577 0.00428872
4578 0.00423566
4579 0.00428404
4580 0.00423109
4581 0.00427936
4582 0.00422654
4583 0.00427469
4584 0.00422199
4585 0.00427003
4586 0.00421745
4587 0.00426538
4588 0.00421292
4589 0.00426074
4590 0.0042084
4591 0.00425611
4592 0.00420389
4593 0.00425149
4594 0.00419938
4595 0.00424688
4596 0.00419489
4597 0.00424227
4598 0.0041904
4599 0.00423768
4600 0.00418592
4601 0.00423309
4602 0.00418146
4603 0.00422851
4604 0.004177
4605 0.00422395
4606 0.00417255
4607 0.00421939
4608 0.0041681
4609 0.00421484
4610 0.00416367
4611 0.0042103
4612 0.00415925
4613 0.00420577
4614 0.00415483
4615 0.00420125
4616 0.00415043
4617 0.00419674
4618 0.00414603
4619 0.00419224
4620 0.00414164
4621 0.00418774
4622 0.00413726
4623 0.00418326
4624 0.00413289
4625 0.00417879
4626 0.00412853
4627 0.00417432
4628 0.00412418
4629 0.00416987
4630 0.00411984
4631 0.00416542
4632 0.0041155
4633 0.00416098
4634 0.00411118
4635 0.00415656
4636 0.00410686
4637 0.00415214
4638 0.00410256
4639 0.00414773
4640 0.00409826
4641 0.00414333
4642 0.00409397
4643 0.00413894
4644 0.00408969
4645 0.00413456
4646 0.00408542
4647 0.00413019
4648 0.00408116
4649 0.00412583
4650 0.00407691
4651 0.00412147
4652 0.00407266
4653 0.00411713
4654 0.00406843
4655 0.0041128
4656 0.00406421
4657 0.00410847
4658 0.00405999
4659 0.00410416
4660 0.00405578
4661 0.00409985
4662 0.00405158
4663 0.00409556
4664 0.00404739
4665 0.00409127
4666 0.00404321
4667 0.00408699
4668 0.00403904
4669 0.00408272
4670 0.00403488
4671 0.00407846
4672 0.00403073
4673 0.00407421
4674 0.00402658
4675 0.00406997
4676 0.00402245
4677 0.00406574
4678 0.00401832
4679 0.00406152
4680 0.00401421
4681 0.00405731
4682 0.0040101
4683 0.0040531
4684 0.004006
4685 0.00404891
4686 0.00400191
4687 0.00404473
4688 0.00399783
4689 0.00404055
4690 0.00399375
4691 0.00403638
4692 0.00398969
4693 0.00403223
4694 0.00398564
4695 0.00402808
4696 0.00398159
4697 0.00402394
4698 0.00397755
4699 0.00401981
4700 0.00397352
4701 0.00401569
4702 0.00396951
4703 0.00401158
4704 0.00396549
4705 0.00400748
4706 0.00396149
4707 0.00400338
4708 0.0039575
4709 0.0039993
4710 0.00395352
4711 0.00399522
4712 0.00394954
4713 0.00399116
4714 0.00394557
4715 0.0039871
4716 0.00394162
4717 0.00398305
4718 0.00393767
4719 0.00397901
4720 0.00393373
4721 0.00397498
4722 0.0039298
4723 0.00397096
4724 0.00392587
4725 0.00396695
4726 0.00392196
4727 0.00396295
4728 0.00391805
4729 0.00395895
4730 0.00391416
4731 0.00395497
4732 0.00391027
4733 0.00395099
4734 0.00390639
4735 0.00394703
4736 0.00390252
4737 0.00394307
4738 0.00389865
4739 0.00393912
4740 0.0038948
4741 0.00393518
4742 0.00389096
4743 0.00393124
4744 0.00388712
4745 0.00392732
4746 0.00388329
4747 0.00392341
4748 0.00387947
4749 0.0039195
4750 0.00387566
4751 0.0039156
4752 0.00387186
4753 0.00391172
4754 0.00386806
4755 0.00390784
4756 0.00386427
4757 0.00390397
4758 0.0038605
4759 0.0039001
4760 0.00385673
4761 0.00389625
4762 0.00385297
4763 0.00389241
4764 0.00384921
4765 0.00388857
4766 0.00384547
4767 0.00388474
4768 0.00384173
4769 0.00388092
4770 0.00383801
4771 0.00387711
4772 0.00383429
4773 0.00387331
4774 0.00383058
4775 0.00386952
4776 0.00382687
4777 0.00386573
4778 0.00382318
4779 0.00386195
4780 0.00381949
4781 0.00385819
4782 0.00381581
4783 0.00385443
4784 0.00381214
4785 0.00385067
4786 0.00380848
4787 0.00384693
4788 0.00380483
4789 0.0038432
4790 0.00380118
4791 0.00383947
4792 0.00379754
4793 0.00383575
4794 0.00379391
4795 0.00383204
4796 0.00379029
4797 0.00382834
4798 0.00378668
4799 0.00382465
4800 0.00378307
4801 0.00382096
4802 0.00377947
4803 0.00381729
4804 0.00377588
4805 0.00381362
4806 0.0037723
4807 0.00380996
4808 0.00376873
4809 0.0038063
4810 0.00376516
4811 0.00380266
4812 0.0037616
4813 0.00379902
4814 0.00375805
4815 0.0037954
4816 0.00375451
4817 0.00379178
4818 0.00375098
4819 0.00378816
4820 0.00374745
4821 0.00378456
4822 0.00374393
4823 0.00378096
4824 0.00374042
4825 0.00377738
4826 0.00373691
4827 0.0037738
4828 0.00373342
4829 0.00377022
4830 0.00372993
4831 0.00376666
4832 0.00372645
4833 0.0037631
4834 0.00372298
4835 0.00375956
4836 0.00371951
4837 0.00375602
4838 0.00371605
4839 0.00375248
4840 0.0037126
4841 0.00374896
4842 0.00370916
4843 0.00374544
4844 0.00370572
4845 0.00374193
4846 0.0037023
4847 0.00373843
4848 0.00369888
4849 0.00373494
4850 0.00369546
4851 0.00373145
4852 0.00369206
4853 0.00372797
4854 0.00368866
4855 0.0037245
4856 0.00368527
4857 0.00372104
4858 0.00368189
4859 0.00371758
4860 0.00367851
4861 0.00371413
4862 0.00367515
4863 0.00371069
4864 0.00367178
4865 0.00370726
4866 0.00366843
4867 0.00370384
4868 0.00366509
4869 0.00370042
4870 0.00366175
4871 0.00369701
4872 0.00365841
4873 0.0036936
4874 0.00365509
4875 0.00369021
4876 0.00365177
4877 0.00368682
4878 0.00364846
4879 0.00368344
4880 0.00364516
4881 0.00368007
4882 0.00364187
4883 0.0036767
4884 0.00363858
4885 0.00367334
4886 0.0036353
4887 0.00366999
4888 0.00363202
4889 0.00366665
4890 0.00362875
4891 0.00366331
4892 0.00362549
4893 0.00365998
4894 0.00362224
4895 0.00365666
4896 0.003619
4897 0.00365334
4898 0.00361576
4899 0.00365004
4900 0.00361252
4901 0.00364674
4902 0.0036093
4903 0.00364344
4904 0.00360608
4905 0.00364016
4906 0.00360287
4907 0.00363688
4908 0.00359967
4909 0.0036336
4910 0.00359647
4911 0.00363034
4912 0.00359328
4913 0.00362708
4914 0.0035901
4915 0.00362383
4916 0.00358692
4917 0.00362059
4918 0.00358375
4919 0.00361735
4920 0.00358059
4921 0.00361412
4922 0.00357743
4923 0.0036109
4924 0.00357428
4925 0.00360768
4926 0.00357114
4927 0.00360447
4928 0.003568
4929 0.00360127
4930 0.00356487
4931 0.00359808
4932 0.00356175
4933 0.00359489
4934 0.00355863
4935 0.00359171
4936 0.00355552
4937 0.00358853
4938 0.00355242
4939 0.00358536
4940 0.00354932
4941 0.0035822
4942 0.00354623
4943 0.00357905
4944 0.00354315
4945 0.0035759
4946 0.00354008
4947 0.00357276
4948 0.00353701
4949 0.00356962
4950 0.00353394
4951 0.0035665
4952 0.00353088
4953 0.00356338
4954 0.00352783
4955 0.00356026
4956 0.00352479
4957 0.00355715
4958 0.00352175
4959 0.00355405
4960 0.00351872
4961 0.00355096
4962 0.0035157
4963 0.00354787
4964 0.00351268
4965 0.00354479
4966 0.00350967
4967 0.00354171
4968 0.00350666
4969 0.00353865
4970 0.00350366
4971 0.00353558
4972 0.00350067
4973 0.00353253
4974 0.00349768
4975 0.00352948
4976 0.0034947
4977 0.00352644
4978 0.00349173
4979 0.0035234
4980 0.00348876
4981 0.00352037
4982 0.0034858
4983 0.00351735
4984 0.00348284
4985 0.00351433
4986 0.00347989
4987 0.00351132
4988 0.00347695
4989 0.00350832
4990 0.00347401
4991 0.00350532
4992 0.00347108
4993 0.00350233
4994 0.00346816
4995 0.00349934
4996 0.00346524
4997 0.00349636
4998 0.00346233
4999 0.00349339
5000 0.00345942
5001 0.00349042
5002 0.00345652
5003 0.00348746
5004 0.00345362
5005 0.00348451
5006 0.00345074
5007 0.00348156
5008 0.00344785
5009 0.00347862
5010 0.00344498
5011 0.00347568
5012 0.00344211
5013 0.00347276
5014 0.00343924
5015 0.00346983
5016 0.00343638
5017 0.00346691
5018 0.00343353
5019 0.003464
5020 0.00343069
5021 0.0034611
5022 0.00342784
5023 0.0034582
5024 0.00342501
5025 0.00345531
5026 0.00342218
5027 0.00345242
5028 0.00341936
5029 0.00344954
5030 0.00341654
5031 0.00344666
5032 0.00341373
5033 0.00344379
5034 0.00341092
5035 0.00344093
5036 0.00340812
5037 0.00343807
5038 0.00340533
5039 0.00343522
5040 0.00340254
5041 0.00343238
5042 0.00339976
5043 0.00342954
5044 0.00339698
5045 0.0034267
5046 0.00339421
5047 0.00342387
5048 0.00339144
5049 0.00342105
5050 0.00338868
5051 0.00341823
5052 0.00338593
5053 0.00341542
5054 0.00338318
5055 0.00341262
5056 0.00338044
5057 0.00340982
5058 0.0033777
5059 0.00340703
5060 0.00337497
5061 0.00340424
5062 0.00337224
5063 0.00340146
5064 0.00336952
5065 0.00339868
5066 0.0033668
5067 0.00339591
5068 0.00336409
5069 0.00339315
5070 0.00336139
5071 0.00339039
5072 0.00335869
5073 0.00338763
5074 0.003356
5075 0.00338488
5076 0.00335331
5077 0.00338214
5078 0.00335063
5079 0.00337941
5080 0.00334795
5081 0.00337667
5082 0.00334528
5083 0.00337395
5084 0.00334261
5085 0.00337123
5086 0.00333995
5087 0.00336851
5088 0.0033373
5089 0.0033658
5090 0.00333465
5091 0.0033631
5092 0.003332
5093 0.0033604
5094 0.00332936
5095 0.00335771
5096 0.00332673
5097 0.00335502
5098 0.0033241
5099 0.00335234
5100 0.00332148
5101 0.00334966
5102 0.00331886
5103 0.00334699
5104 0.00331625
5105 0.00334433
5106 0.00331364
5107 0.00334167
5108 0.00331104
5109 0.00333901
5110 0.00330844
5111 0.00333636
5112 0.00330585
5113 0.00333372
5114 0.00330326
5115 0.00333108
5116 0.00330068
5117 0.00332845
5118 0.0032981
5119 0.00332582
5120 0.00329553
5121 0.00332319
5122 0.00329296
5123 0.00332058
5124 0.0032904
5125 0.00331796
5126 0.00328785
5127 0.00331536
5128 0.0032853
5129 0.00331275
5130 0.00328275
5131 0.00331016
5132 0.00328021
5133 0.00330756
5134 0.00327767
5135 0.00330498
5136 0.00327514
5137 0.0033024
5138 0.00327262
5139 0.00329982
5140 0.0032701
5141 0.00329725
5142 0.00326758
5143 0.00329468
5144 0.00326507
5145 0.00329212
5146 0.00326256
5147 0.00328957
5148 0.00326006
5149 0.00328701
5150 0.00325757
5151 0.00328447
5152 0.00325508
5153 0.00328193
5154 0.00325259
5155 0.00327939
5156 0.00325011
5157 0.00327686
5158 0.00324763
5159 0.00327434
5160 0.00324516
5161 0.00327181
5162 0.00324269
5163 0.0032693
5164 0.00324023
5165 0.00326679
5166 0.00323778
5167 0.00326428
5168 0.00323532
5169 0.00326178
5170 0.00323288
5171 0.00325929
5172 0.00323043
5173 0.00325679
5174 0.003228
5175 0.00325431
5176 0.00322556
5177 0.00325183
5178 0.00322314
5179 0.00324935
5180 0.00322071
5181 0.00324688
5182 0.00321829
5183 0.00324441
5184 0.00321588
5185 0.00324195
5186 0.00321347
5187 0.00323949
5188 0.00321107
5189 0.00323704
5190 0.00320867
5191 0.00323459
5192 0.00320627
5193 0.00323215
5194 0.00320388
5195 0.00322971
5196 0.00320149
5197 0.00322728
5198 0.00319911
5199 0.00322485
5200 0.00319674
5201 0.00322243
5202 0.00319436
5203 0.00322001
5204 0.003192
5205 0.00321759
5206 0.00318963
5207 0.00321518
5208 0.00318728
5209 0.00321278
5210 0.00318492
5211 0.00321038
5212 0.00318257
5213 0.00320798
5214 0.00318023
5215 0.00320559
5216 0.00317789
5217 0.0032032
5218 0.00317555
5219 0.00320082
5220 0.00317322
5221 0.00319845
5222 0.00317089
5223 0.00319607
5224 0.00316857
5225 0.00319371
5226 0.00316625
5227 0.00319134
5228 0.00316394
5229 0.00318898
5230 0.00316163
5231 0.00318663
5232 0.00315933
5233 0.00318428
5234 0.00315703
5235 0.00318193
5236 0.00315473
5237 0.00317959
5238 0.00315244
5239 0.00317726
5240 0.00315015
5241 0.00317492
5242 0.00314787
5243 0.0031726
5244 0.00314559
5245 0.00317027
5246 0.00314332
5247 0.00316796
5248 0.00314105
5249 0.00316564
5250 0.00313879
5251 0.00316333
5252 0.00313653
5253 0.00316103
5254 0.00313427
5255 0.00315873
5256 0.00313202
5257 0.00315643
5258 0.00312977
5259 0.00315414
5260 0.00312752
5261 0.00315185
5262 0.00312529
5263 0.00314957
5264 0.00312305
5265 0.00314729
5266 0.00312082
5267 0.00314501
5268 0.00311859
5269 0.00314274
5270 0.00311637
5271 0.00314048
5272 0.00311415
5273 0.00313822
5274 0.00311194
5275 0.00313596
5276 0.00310973
5277 0.00313371
5278 0.00310752
5279 0.00313146
5280 0.00310532
5281 0.00312921
5282 0.00310312
5283 0.00312697
5284 0.00310093
5285 0.00312474
5286 0.00309874
5287 0.0031225
5288 0.00309656
5289 0.00312028
5290 0.00309438
5291 0.00311805
5292 0.0030922
5293 0.00311583
5294 0.00309003
5295 0.00311362
5296 0.00308786
5297 0.00311141
5298 0.00308569
5299 0.0031092
5300 0.00308353
5301 0.003107
5302 0.00308138
5303 0.0031048
5304 0.00307922
5305 0.00310261
5306 0.00307708
5307 0.00310042
5308 0.00307493
5309 0.00309823
5310 0.00307279
5311 0.00309605
5312 0.00307065
5313 0.00309387
5314 0.00306852
5315 0.0030917
5316 0.00306639
5317 0.00308953
5318 0.00306427
5319 0.00308736
5320 0.00306215
5321 0.0030852
5322 0.00306003
5323 0.00308304
5324 0.00305792
5325 0.00308089
5326 0.00305581
5327 0.00307874
5328 0.00305371
5329 0.00307659
5330 0.0030516
5331 0.00307445
5332 0.00304951
5333 0.00307231
5334 0.00304741
5335 0.00307018
5336 0.00304532
5337 0.00306805
5338 0.00304324
5339 0.00306592
5340 0.00304116
5341 0.0030638
5342 0.00303908
5343 0.00306168
5344 0.00303701
5345 0.00305957
5346 0.00303494
5347 0.00305746
5348 0.00303287
5349 0.00305535
5350 0.00303081
5351 0.00305325
5352 0.00302875
5353 0.00305115
5354 0.00302669
5355 0.00304906
5356 0.00302464
5357 0.00304697
5358 0.0030226
5359 0.00304488
5360 0.00302055
5361 0.0030428
5362 0.00301851
5363 0.00304072
5364 0.00301648
5365 0.00303864
5366 0.00301444
5367 0.00303657
5368 0.00301241
5369 0.0030345
5370 0.00301039
5371 0.00303244
5372 0.00300837
5373 0.00303038
5374 0.00300635
5375 0.00302832
5376 0.00300434
5377 0.00302627
5378 0.00300233
5379 0.00302422
5380 0.00300032
5381 0.00302218
5382 0.00299832
5383 0.00302013
5384 0.00299632
5385 0.0030181
5386 0.00299432
5387 0.00301606
5388 0.00299233
5389 0.00301403
5390 0.00299034
5391 0.00301201
5392 0.00298836
5393 0.00300998
5394 0.00298638
5395 0.00300796
5396 0.0029844
5397 0.00300595
5398 0.00298242
5399 0.00300394
5400 0.00298045
5401 0.00300193
5402 0.00297849
5403 0.00299992
5404 0.00297652
5405 0.00299792
5406 0.00297456
5407 0.00299593
5408 0.00297261
5409 0.00299393
5410 0.00297066
5411 0.00299194
5412 0.00296871
5413 0.00298996
5414 0.00296676
5415 0.00298797
5416 0.00296482
5417 0.00298599
5418 0.00296288
5419 0.00298402
5420 0.00296094
5421 0.00298204
5422 0.00295901
5423 0.00298008
5424 0.00295708
5425 0.00297811
5426 0.00295516
5427 0.00297615
5428 0.00295324
5429 0.00297419
5430 0.00295132
5431 0.00297224
5432 0.00294941
5433 0.00297029
5434 0.0029475
5435 0.00296834
5436 0.00294559
5437 0.00296639
5438 0.00294368
5439 0.00296445
5440 0.00294178
5441 0.00296252
5442 0.00293989
5443 0.00296058
5444 0.00293799
5445 0.00295865
5446 0.0029361
5447 0.00295673
5448 0.00293421
5449 0.0029548
5450 0.00293233
5451 0.00295288
5452 0.00293045
5453 0.00295097
5454 0.00292857
5455 0.00294905
5456 0.0029267
5457 0.00294715
5458 0.00292483
5459 0.00294524
5460 0.00292296
5461 0.00294334
5462 0.0029211
5463 0.00294144
5464 0.00291924
5465 0.00293954
5466 0.00291738
5467 0.00293765
5468 0.00291552
5469 0.00293576
5470 0.00291367
5471 0.00293387
5472 0.00291183
5473 0.00293199
5474 0.00290998
5475 0.00293011
5476 0.00290814
5477 0.00292824
5478 0.0029063
5479 0.00292636
5480 0.00290447
5481 0.00292449
5482 0.00290264
5483 0.00292263
5484 0.00290081
5485 0.00292077
5486 0.00289898
5487 0.00291891
5488 0.00289716
5489 0.00291705
5490 0.00289534
5491 0.0029152
5492 0.00289353
5493 0.00291335
5494 0.00289172
5495 0.0029115
5496 0.00288991
5497 0.00290966
5498 0.0028881
5499 0.00290782
5500 0.0028863
5501 0.00290598
5502 0.0028845
5503 0.00290415
5504 0.0028827
5505 0.00290232
5506 0.00288091
5507 0.00290049
5508 0.00287912
5509 0.00289867
5510 0.00287733
5511 0.00289685
5512 0.00287555
5513 0.00289503
5514 0.00287377
5515 0.00289322
5516 0.00287199
5517 0.0028914
5518 0.00287022
5519 0.0028896
5520 0.00286845
5521 0.00288779
5522 0.00286668
5523 0.00288599
5524 0.00286491
5525 0.00288419
5526 0.00286315
5527 0.0028824
5528 0.00286139
5529 0.0028806
5530 0.00285963
5531 0.00287882
5532 0.00285788
5533 0.00287703
5534 0.00285613
5535 0.00287525
5536 0.00285438
5537 0.00287347
5538 0.00285264
5539 0.00287169
5540 0.0028509
5541 0.00286992
5542 0.00284916
5543 0.00286815
5544 0.00284743
5545 0.00286638
5546 0.0028457
5547 0.00286461
5548 0.00284397
5549 0.00286285
5550 0.00284224
5551 0.00286109
5552 0.00284052
5553 0.00285934
5554 0.0028388
5555 0.00285759
5556 0.00283708
5557 0.00285584
5558 0.00283537
5559 0.00285409
5560 0.00283365
5561 0.00285235
5562 0.00283195
5563 0.00285061
5564 0.00283024
5565 0.00284887
5566 0.00282854
5567 0.00284714
5568 0.00282684
5569 0.00284541
5570 0.00282514
5571 0.00284368
5572 0.00282345
5573 0.00284195
5574 0.00282176
5575 0.00284023
5576 0.00282007
5577 0.00283851
5578 0.00281839
5579 0.00283679
5580 0.0028167
5581 0.00283508
5582 0.00281502
5583 0.00283337
5584 0.00281335
5585 0.00283166
5586 0.00281167
5587 0.00282996
5588 0.00281
5589 0.00282826
5590 0.00280833
5591 0.00282656
5592 0.00280667
5593 0.00282486
5594 0.00280501
5595 0.00282317
5596 0.00280335
5597 0.00282148
5598 0.00280169
5599 0.00281979
5600 0.00280004
5601 0.00281811
5602 0.00279839
5603 0.00281642
5604 0.00279674
5605 0.00281475
5606 0.00279509
5607 0.00281307
5608 0.00279345
5609 0.0028114
5610 0.00279181
5611 0.00280973
5612 0.00279017
5613 0.00280806
5614 0.00278854
5615 0.00280639
5616 0.00278691
5617 0.00280473
5618 0.00278528
5619 0.00280307
5620 0.00278365
5621 0.00280142
5622 0.00278203
5623 0.00279976
5624 0.00278041
5625 0.00279811
5626 0.00277879
5627 0.00279646
5628 0.00277718
5629 0.00279482
5630 0.00277556
5631 0.00279318
5632 0.00277395
5633 0.00279154
5634 0.00277235
5635 0.0027899
5636 0.00277074
5637 0.00278827
5638 0.00276914
5639 0.00278664
5640 0.00276754
5641 0.00278501
5642 0.00276594
5643 0.00278338
5644 0.00276435
5645 0.00278176
5646 0.00276276
5647 0.00278014
5648 0.00276117
5649 0.00277852
5650 0.00275959
5651 0.0027769
5652 0.002758
5653 0.00277529
5654 0.00275642
5655 0.00277368
5656 0.00275484
5657 0.00277208
5658 0.00275327
5659 0.00277047
5660 0.0027517
5661 0.00276887
5662 0.00275013
5663 0.00276727
5664 0.00274856
5665 0.00276568
5666 0.00274699
5667 0.00276408
5668 0.00274543
5669 0.00276249
5670 0.00274387
5671 0.0027609
5672 0.00274232
5673 0.00275932
5674 0.00274076
5675 0.00275773
5676 0.00273921
5677 0.00275615
5678 0.00273766
5679 0.00275458
5680 0.00273611
5681 0.002753
5682 0.00273457
5683 0.00275143
5684 0.00273303
5685 0.00274986
5686 0.00273149
5687 0.00274829
5688 0.00272995
5689 0.00274673
5690 0.00272842
5691 0.00274516
5692 0.00272689
5693 0.0027436
5694 0.00272536
5695 0.00274205
5696 0.00272383
5697 0.00274049
5698 0.00272231
5699 0.00273894
5700 0.00272078
5701 0.00273739
5702 0.00271927
5703 0.00273584
5704 0.00271775
5705 0.0027343
5706 0.00271623
5707 0.00273276
5708 0.00271472
5709 0.00273122
5710 0.00271321
5711 0.00272968
5712 0.00271171
5713 0.00272815
5714 0.0027102
5715 0.00272662
5716 0.0027087
5717 0.00272509
5718 0.0027072
5719 0.00272356
5720 0.00270571
5721 0.00272204
5722 0.00270421
5723 0.00272052
5724 0.00270272
5725 0.002719
5726 0.00270123
5727 0.00271748
5728 0.00269974
5729 0.00271597
5730 0.00269826
5731 0.00271445
5732 0.00269678
5733 0.00271294
5734 0.0026953
5735 0.00271144
5736 0.00269382
5737 0.00270993
5738 0.00269234
5739 0.00270843
5740 0.00269087
5741 0.00270693
5742 0.0026894
5743 0.00270544
5744 0.00268793
5745 0.00270394
5746 0.00268647
5747 0.00270245
5748 0.002685
5749 0.00270096
5750 0.00268354
5751 0.00269947
5752 0.00268208
5753 0.00269799
5754 0.00268063
5755 0.0026965
5756 0.00267917
5757 0.00269502
5758 0.00267772
5759 0.00269355
5760 0.00267627
5761 0.00269207
5762 0.00267483
5763 0.0026906
5764 0.00267338
5765 0.00268913
5766 0.00267194
5767 0.00268766
5768 0.0026705
5769 0.00268619
5770 0.00266906
5771 0.00268473
5772 0.00266763
5773 0.00268327
5774 0.00266619
5775 0.00268181
5776 0.00266476
5777 0.00268035
5778 0.00266334
5779 0.0026789
5780 0.00266191
5781 0.00267745
5782 0.00266049
5783 0.002676
5784 0.00265906
5785 0.00267455
5786 0.00265765
5787 0.00267311
5788 0.00265623
5789 0.00267166
5790 0.00265481
5791 0.00267022
5792 0.0026534
5793 0.00266879
5794 0.00265199
5795 0.00266735
5796 0.00265058
5797 0.00266592
5798 0.00264918
5799 0.00266449
5800 0.00264777
5801 0.00266306
5802 0.00264637
5803 0.00266163
5804 0.00264497
5805 0.00266021
5806 0.00264358
5807 0.00265878
5808 0.00264218
5809 0.00265736
5810 0.00264079
5811 0.00265595
5812 0.0026394
5813 0.00265453
5814 0.00263801
5815 0.00265312
5816 0.00263663
5817 0.00265171
5818 0.00263524
5819 0.0026503
5820 0.00263386
5821 0.00264889
5822 0.00263248
5823 0.00264749
5824 0.0026311
5825 0.00264609
5826 0.00262973
5827 0.00264469
5828 0.00262836
5829 0.00264329
5830 0.00262699
5831 0.0026419
5832 0.00262562
5833 0.0026405
5834 0.00262425
5835 0.00263911
5836 0.00262289
5837 0.00263772
5838 0.00262153
5839 0.00263634
5840 0.00262017
5841 0.00263495
5842 0.00261881
5843 0.00263357
5844 0.00261745
5845 0.00263219
5846 0.0026161
5847 0.00263082
5848 0.00261475
5849 0.00262944
5850 0.0026134
5851 0.00262807
5852 0.00261205
5853 0.0026267
5854 0.00261071
5855 0.00262533
5856 0.00260936
5857 0.00262396
5858 0.00260802
5859 0.00262259
5860 0.00260668
5861 0.00262123
5862 0.00260535
5863 0.00261987
5864 0.00260401
5865 0.00261851
5866 0.00260268
5867 0.00261716
5868 0.00260135
5869 0.0026158
5870 0.00260002
5871 0.00261445
5872 0.0025987
5873 0.0026131
5874 0.00259737
5875 0.00261175
5876 0.00259605
5877 0.00261041
5878 0.00259473
5879 0.00260906
5880 0.00259341
5881 0.00260772
5882 0.0025921
5883 0.00260638
5884 0.00259078
5885 0.00260505
5886 0.00258947
5887 0.00260371
5888 0.00258816
5889 0.00260238
5890 0.00258685
5891 0.00260105
5892 0.00258555
5893 0.00259972
5894 0.00258424
5895 0.00259839
5896 0.00258294
5897 0.00259707
5898 0.00258164
5899 0.00259574
5900 0.00258034
5901 0.00259442
5902 0.00257905
5903 0.0025931
5904 0.00257775
5905 0.00259179
5906 0.00257646
5907 0.00259047
5908 0.00257517
5909 0.00258916
5910 0.00257388
5911 0.00258785
5912 0.0025726
5913 0.00258654
5914 0.00257131
5915 0.00258523
5916 0.00257003
5917 0.00258393
5918 0.00256875
5919 0.00258263
5920 0.00256747
5921 0.00258133
5922 0.0025662
5923 0.00258003
5924 0.00256492
5925 0.00257873
5926 0.00256365
5927 0.00257744
5928 0.00256238
5929 0.00257614
5930 0.00256111
5931 0.00257485
5932 0.00255985
5933 0.00257356
5934 0.00255858
5935 0.00257228
5936 0.00255732
5937 0.00257099
5938 0.00255606
5939 0.00256971
5940 0.0025548
5941 0.00256843
5942 0.00255354
5943 0.00256715
5944 0.00255229
5945 0.00256587
5946 0.00255104
5947 0.0025646
5948 0.00254978
5949 0.00256333
5950 0.00254854
5951 0.00256206
5952 0.00254729
5953 0.00256079
5954 0.00254604
5955 0.00255952
5956 0.0025448
5957 0.00255825
5958 0.00254356
5959 0.00255699
5960 0.00254232
5961 0.00255573
5962 0.00254108
5963 0.00255447
5964 0.00253984
5965 0.00255321
5966 0.00253861
5967 0.00255196
5968 0.00253738
5969 0.0025507
5970 0.00253615
5971 0.00254945
5972 0.00253492
5973 0.0025482
5974 0.00253369
5975 0.00254695
5976 0.00253247
5977 0.00254571
5978 0.00253124
5979 0.00254446
5980 0.00253002
5981 0.00254322
5982 0.0025288
5983 0.00254198
5984 0.00252759
5985 0.00254074
5986 0.00252637
5987 0.0025395
5988 0.00252516
5989 0.00253827
5990 0.00252394
5991 0.00253704
5992 0.00252273
5993 0.0025358
5994 0.00252153
5995 0.00253457
5996 0.00252032
5997 0.00253335
5998 0.00251911
5999 0.00253212
6000 0.00251791
