0 0.499854
1 0.492327
2 0.490228
3 0.491223
4 0.493568
5 0.496236
6 0.498727
7 0.500849
8 0.502569
9 0.503921
10 0.504963
11 0.505756
12 0.506355
13 0.506803
14 0.507138
15 0.507387
16 0.507572
17 0.507709
18 0.50781
19 0.507885
20 0.50794
21 0.507981
22 0.508011
23 0.508033
24 0.508049
25 0.508061
26 0.50807
27 0.508076
28 0.50808
29 0.508084
30 0.508086
31 0.508088
32 0.508089
33 0.508089
34 0.50809
35 0.50809
36 0.50809
37 0.50809
38 0.50809
39 0.50809
40 0.508089
41 0.508089
42 0.508089
43 0.508088
44 0.508088
45 0.508088
46 0.508087
47 0.508087
48 0.508086
49 0.508086
50 0.508085
51 0.508085
52 0.508085
53 0.508084
54 0.508084
55 0.508083
56 0.508083
57 0.508082
58 0.508082
59 0.508081
60 0.508081
61 0.508081
62 0.50808
63 0.50808
64 0.508079
65 0.508079
66 0.508078
67 0.508078
68 0.508077
69 0.508077
70 0.508076
71 0.508076
72 0.508075
73 0.508075
74 0.508074
75 0.508074
76 0.508073
77 0.508073
78 0.508072
79 0.508072
80 0.508071
81 0.508071
82 0.50807
83 0.50807
84 0.508069
85 0.508069
86 0.508068
87 0.508068
88 0.508067
89 0.508067
90 0.508066
91 0.508065
92 0.508065
93 0.508064
94 0.508064
95 0.508063
96 0.508063
97 0.508062
98 0.508061
99 0.508061
100 0.50806
101 0.50806
102 0.508059
103 0.508059
104 0.508058
105 0.508057
106 0.508057
107 0.508056
108 0.508056
109 0.508055
110 0.508054
111 0.508054
112 0.508053
113 0.508052
114 0.508052
115 0.508051
116 0.508051
117 0.50805
118 0.508049
119 0.508049
120 0.508048
121 0.508047
122 0.508047
123 0.508046
124 0.508045
125 0.508045
126 0.508044
127 0.508043
128 0.508043
129 0.508042
130 0.508041
131 0.50804
132 0.50804
133 0.508039
134 0.508038
135 0.508038
136 0.508037
137 0.508036
138 0.508035
139 0.508035
140 0.508034
141 0.508033
142 0.508033
143 0.508032
144 0.508031
145 0.50803
146 0.508029
147 0.508029
148 0.508028
149 0.508027
150 0.508026
151 0.508026
152 0.508025
153 0.508024
154 0.508023
155 0.508022
156 0.508022
157 0.508021
158 0.50802
159 0.508019
160 0.508018
161 0.508018
162 0.508017
163 0.508016
164 0.508015
165 0.508014
166 0.508013
167 0.508012
168 0.508012
169 0.508011
170 0.50801
171 0.508009
172 0.508008
173 0.508007
174 0.508006
175 0.508005
176 0.508005
177 0.508004
178 0.508003
179 0.508002
180 0.508001
181 0.508
182 0.507999
183 0.507998
184 0.507997
185 0.507996
186 0.507995
187 0.507994
188 0.507993
189 0.507992
190 0.507991
191 0.50799
192 0.507989
193 0.507988
194 0.507987
195 0.507986
196 0.507985
197 0.507984
198 0.507983
199 0.507982
200 0.507981
201 0.50798
202 0.507979
203 0.507978
204 0.507977
205 0.507976
206 0.507975
207 0.507974
208 0.507973
209 0.507972
210 0.507971
211 0.50797
212 0.507968
213 0.507967
214 0.507966
215 0.507965
216 0.507964
217 0.507963
218 0.507962
219 0.507961
220 0.507959
221 0.507958
222 0.507957
223 0.507956
224 0.507955
225 0.507954
226 0.507952
227 0.507951
228 0.50795
229 0.507949
230 0.507947
231 0.507946
232 0.507945
233 0.507944
234 0.507943
235 0.507941
236 0.50794
237 0.507939
238 0.507937
239 0.507936
240 0.507935
241 0.507934
242 0.507932
243 0.507931
244 0.50793
245 0.507928
246 0.507927
247 0.507926
248 0.507924
249 0.507923
250 0.507922
251 0.50792
252 0.507919
253 0.507917
254 0.507916
255 0.507915
256 0.507913
257 0.507912
258 0.50791
259 0.507909
260 0.507908
261 0.507906
262 0.507905
263 0.507903
264 0.507902
265 0.5079
266 0.507899
267 0.507897
268 0.507896
269 0.507894
270 0.507893
271 0.507891
272 0.50789
273 0.507888
274 0.507886
275 0.507885
276 0.507883
277 0.507882
278 0.50788
279 0.507879
280 0.507877
281 0.507875
282 0.507874
283 0.507872
284 0.50787
285 0.507869
286 0.507867
287 0.507865
288 0.507864
289 0.507862
290 0.50786
291 0.507859
292 0.507857
293 0.507855
294 0.507853
295 0.507852
296 0.50785
297 0.507848
298 0.507846
299 0.507845
300 0.507843
301 0.507841
302 0.507839
303 0.507837
304 0.507835
305 0.507834
306 0.507832
307 0.50783
308 0.507828
309 0.507826
310 0.507824
311 0.507822
312 0.50782
313 0.507818
314 0.507816
315 0.507814
316 0.507812
317 0.50781
318 0.507809
319 0.507807
320 0.507804
321 0.507802
322 0.5078
323 0.507798
324 0.507796
325 0.507794
326 0.507792
327 0.50779
328 0.507788
329 0.507786
330 0.507784
331 0.507782
332 0.507779
333 0.507777
334 0.507775
335 0.507773
336 0.507771
337 0.507768
338 0.507766
339 0.507764
340 0.507762
341 0.507759
342 0.507757
343 0.507755
344 0.507753
345 0.50775
346 0.507748
347 0.507746
348 0.507743
349 0.507741
350 0.507739
351 0.507736
352 0.507734
353 0.507731
354 0.507729
355 0.507726
356 0.507724
357 0.507721
358 0.507719
359 0.507716
360 0.507714
361 0.507711
362 0.507709
363 0.507706
364 0.507704
365 0.507701
366 0.507699
367 0.507696
368 0.507693
369 0.507691
370 0.507688
371 0.507685
372 0.507683
373 0.50768
374 0.507677
375 0.507674
376 0.507672
377 0.507669
378 0.507666
379 0.507663
380 0.507661
381 0.507658
382 0.507655
383 0.507652
384 0.507649
385 0.507646
386 0.507643
387 0.50764
388 0.507637
389 0.507635
390 0.507632
391 0.507629
392 0.507626
393 0.507622
394 0.507619
395 0.507616
396 0.507613
397 0.50761
398 0.507607
399 0.507604
400 0.507601
401 0.507598
402 0.507594
403 0.507591
404 0.507588
405 0.507585
406 0.507582
407 0.507578
408 0.507575
409 0.507572
410 0.507568
411 0.507565
412 0.507562
413 0.507558
414 0.507555
415 0.507551
416 0.507548
417 0.507545
418 0.507541
419 0.507538
420 0.507534
421 0.50753
422 0.507527
423 0.507523
424 0.50752
425 0.507516
426 0.507512
427 0.507509
428 0.507505
429 0.507501
430 0.507498
431 0.507494
432 0.50749
433 0.507486
434 0.507483
435 0.507479
436 0.507475
437 0.507471
438 0.507467
439 0.507463
440 0.507459
441 0.507455
442 0.507451
443 0.507447
444 0.507443
445 0.507439
446 0.507435
447 0.507431
448 0.507427
449 0.507423
450 0.507419
451 0.507415
452 0.50741
453 0.507406
454 0.507402
455 0.507398
456 0.507393
457 0.507389
458 0.507385
459 0.50738
460 0.507376
461 0.507371
462 0.507367
463 0.507362
464 0.507358
465 0.507353
466 0.507349
467 0.507344
468 0.50734
469 0.507335
470 0.50733
471 0.507326
472 0.507321
473 0.507316
474 0.507312
475 0.507307
476 0.507302
477 0.507297
478 0.507292
479 0.507287
480 0.507282
481 0.507277
482 0.507272
483 0.507267
484 0.507262
485 0.507257
486 0.507252
487 0.507247
488 0.507242
489 0.507237
490 0.507232
491 0.507226
492 0.507221
493 0.507216
494 0.507211
495 0.507205
496 0.5072
497 0.507194
498 0.507189
499 0.507184
500 0.507178
501 0.507173
502 0.507167
503 0.507161
504 0.507156
505 0.50715
506 0.507144
507 0.507139
508 0.507133
509 0.507127
510 0.507121
511 0.507116
512 0.50711
513 0.507104
514 0.507098
515 0.507092
516 0.507086
517 0.50708
518 0.507074
519 0.507068
520 0.507061
521 0.507055
522 0.507049
523 0.507043
524 0.507037
525 0.50703
526 0.507024
527 0.507018
528 0.507011
529 0.507005
530 0.506998
531 0.506992
532 0.506985
533 0.506978
534 0.506972
535 0.506965
536 0.506958
537 0.506952
538 0.506945
539 0.506938
540 0.506931
541 0.506924
542 0.506917
543 0.50691
544 0.506903
545 0.506896
546 0.506889
547 0.506882
548 0.506875
549 0.506868
550 0.506861
551 0.506853
552 0.506846
553 0.506839
554 0.506831
555 0.506824
556 0.506816
557 0.506809
558 0.506801
559 0.506794
560 0.506786
561 0.506778
562 0.50677
563 0.506763
564 0.506755
565 0.506747
566 0.506739
567 0.506731
568 0.506723
569 0.506715
570 0.506707
571 0.506699
572 0.506691
573 0.506682
574 0.506674
575 0.506666
576 0.506657
577 0.506649
578 0.506641
579 0.506632
580 0.506624
581 0.506615
582 0.506606
583 0.506598
584 0.506589
585 0.50658
586 0.506571
587 0.506562
588 0.506553
589 0.506544
590 0.506535
591 0.506526
592 0.506517
593 0.506508
594 0.506499
595 0.50649
596 0.50648
597 0.506471
598 0.506461
599 0.506452
600 0.506442
601 0.506433
602 0.506423
603 0.506413
604 0.506404
605 0.506394
606 0.506384
607 0.506374
608 0.506364
609 0.506354
610 0.506344
611 0.506334
612 0.506323
613 0.506313
614 0.506303
615 0.506292
616 0.506282
617 0.506271
618 0.506261
619 0.50625
620 0.50624
621 0.506229
622 0.506218
623 0.506207
624 0.506196
625 0.506185
626 0.506174
627 0.506163
628 0.506152
629 0.506141
630 0.506129
631 0.506118
632 0.506106
633 0.506095
634 0.506083
635 0.506072
636 0.50606
637 0.506048
638 0.506036
639 0.506024
640 0.506012
641 0.506
642 0.505988
643 0.505976
644 0.505964
645 0.505951
646 0.505939
647 0.505927
648 0.505914
649 0.505901
650 0.505889
651 0.505876
652 0.505863
653 0.50585
654 0.505837
655 0.505824
656 0.505811
657 0.505798
658 0.505784
659 0.505771
660 0.505757
661 0.505744
662 0.50573
663 0.505716
664 0.505702
665 0.505689
666 0.505675
667 0.50566
668 0.505646
669 0.505632
670 0.505618
671 0.505603
672 0.505589
673 0.505574
674 0.505559
675 0.505545
676 0.50553
677 0.505515
678 0.5055
679 0.505484
680 0.505469
681 0.505454
682 0.505438
683 0.505423
684 0.505407
685 0.505391
686 0.505375
687 0.505359
688 0.505343
689 0.505327
690 0.505311
691 0.505294
692 0.505278
693 0.505261
694 0.505244
695 0.505228
696 0.505211
697 0.505194
698 0.505176
699 0.505159
700 0.505142
701 0.505124
702 0.505106
703 0.505089
704 0.505071
705 0.505053
706 0.505034
707 0.505016
708 0.504998
709 0.504979
710 0.504961
711 0.504942
712 0.504923
713 0.504904
714 0.504885
715 0.504865
716 0.504846
717 0.504826
718 0.504806
719 0.504787
720 0.504766
721 0.504746
722 0.504726
723 0.504705
724 0.504685
725 0.504664
726 0.504643
727 0.504622
728 0.504601
729 0.504579
730 0.504558
731 0.504536
732 0.504514
733 0.504492
734 0.50447
735 0.504448
736 0.504425
737 0.504402
738 0.504379
739 0.504356
740 0.504333
741 0.504309
742 0.504286
743 0.504262
744 0.504238
745 0.504214
746 0.504189
747 0.504165
748 0.50414
749 0.504115
750 0.50409
751 0.504065
752 0.504039
753 0.504013
754 0.503987
755 0.503961
756 0.503935
757 0.503908
758 0.503881
759 0.503854
760 0.503827
761 0.503799
762 0.503771
763 0.503743
764 0.503715
765 0.503687
766 0.503658
767 0.503629
768 0.5036
769 0.50357
770 0.503541
771 0.503511
772 0.503481
773 0.50345
774 0.503419
775 0.503389
776 0.503357
777 0.503326
778 0.503294
779 0.503262
780 0.50323
781 0.503197
782 0.503164
783 0.503131
784 0.503097
785 0.503063
786 0.503029
787 0.502995
788 0.50296
789 0.502925
790 0.50289
791 0.502854
792 0.502818
793 0.502782
794 0.502745
795 0.502708
796 0.502671
797 0.502633
798 0.502595
799 0.502557
800 0.502518
801 0.502479
802 0.50244
803 0.5024
804 0.50236
805 0.502319
806 0.502278
807 0.502237
808 0.502195
809 0.502153
810 0.502111
811 0.502068
812 0.502025
813 0.501981
814 0.501937
815 0.501892
816 0.501847
817 0.501802
818 0.501756
819 0.50171
820 0.501663
821 0.501616
822 0.501569
823 0.50152
824 0.501472
825 0.501423
826 0.501374
827 0.501324
828 0.501273
829 0.501222
830 0.501171
831 0.501119
832 0.501067
833 0.501014
834 0.50096
835 0.500906
836 0.500852
837 0.500797
838 0.500741
839 0.500685
840 0.500628
841 0.500571
842 0.500513
843 0.500455
844 0.500396
845 0.500337
846 0.500277
847 0.500216
848 0.500154
849 0.500093
850 0.50003
851 0.499967
852 0.499903
853 0.499839
854 0.499774
855 0.499708
856 0.499641
857 0.499574
858 0.499507
859 0.499438
860 0.499369
861 0.499299
862 0.499229
863 0.499158
864 0.499086
865 0.499013
866 0.49894
867 0.498865
868 0.498791
869 0.498715
870 0.498639
871 0.498561
872 0.498483
873 0.498405
874 0.498325
875 0.498245
876 0.498164
877 0.498082
878 0.497999
879 0.497915
880 0.497831
881 0.497745
882 0.497659
883 0.497572
884 0.497484
885 0.497395
886 0.497305
887 0.497214
888 0.497123
889 0.49703
890 0.496937
891 0.496842
892 0.496747
893 0.49665
894 0.496553
895 0.496455
896 0.496355
897 0.496255
898 0.496153
899 0.496051
900 0.495947
901 0.495843
902 0.495737
903 0.495631
904 0.495523
905 0.495414
906 0.495304
907 0.495193
908 0.495081
909 0.494967
910 0.494853
911 0.494737
912 0.49462
913 0.494502
914 0.494383
915 0.494263
916 0.494141
917 0.494018
918 0.493894
919 0.493769
920 0.493642
921 0.493514
922 0.493385
923 0.493254
924 0.493123
925 0.49299
926 0.492855
927 0.492719
928 0.492582
929 0.492443
930 0.492304
931 0.492162
932 0.492019
933 0.491875
934 0.49173
935 0.491583
936 0.491434
937 0.491284
938 0.491132
939 0.490979
940 0.490825
941 0.490669
942 0.490511
943 0.490352
944 0.490191
945 0.490029
946 0.489865
947 0.4897
948 0.489533
949 0.489364
950 0.489193
951 0.489021
952 0.488848
953 0.488672
954 0.488495
955 0.488316
956 0.488136
957 0.487953
958 0.487769
959 0.487583
960 0.487396
961 0.487206
962 0.487015
963 0.486822
964 0.486627
965 0.486431
966 0.486232
967 0.486032
968 0.485829
969 0.485625
970 0.485419
971 0.485211
972 0.485001
973 0.484789
974 0.484575
975 0.484359
976 0.484141
977 0.483921
978 0.483699
979 0.483475
980 0.483249
981 0.483021
982 0.482791
983 0.482559
984 0.482324
985 0.482088
986 0.481849
987 0.481609
988 0.481366
989 0.481121
990 0.480874
991 0.480625
992 0.480373
993 0.480119
994 0.479864
995 0.479606
996 0.479345
997 0.479083
998 0.478818
999 0.478551
1000 0.478282
1001 0.47801
1002 0.477736
1003 0.47746
1004 0.477182
1005 0.476901
1006 0.476618
1007 0.476333
1008 0.476045
1009 0.475755
1010 0.475463
1011 0.475169
1012 0.474872
1013 0.474572
1014 0.47427
1015 0.473966
1016 0.47366
1017 0.473351
1018 0.47304
1019 0.472727
1020 0.472411
1021 0.472092
1022 0.471772
1023 0.471449
1024 0.471123
1025 0.470795
1026 0.470465
1027 0.470132
1028 0.469797
1029 0.46946
1030 0.46912
1031 0.468778
1032 0.468433
1033 0.468087
1034 0.467737
1035 0.467386
1036 0.467032
1037 0.466675
1038 0.466316
1039 0.465955
1040 0.465592
1041 0.465226
1042 0.464858
1043 0.464488
1044 0.464115
1045 0.46374
1046 0.463363
1047 0.462983
1048 0.462602
1049 0.462217
1050 0.461831
1051 0.461443
1052 0.461052
1053 0.460659
1054 0.460264
1055 0.459867
1056 0.459467
1057 0.459066
1058 0.458662
1059 0.458256
1060 0.457849
1061 0.457439
1062 0.457027
1063 0.456613
1064 0.456197
1065 0.455779
1066 0.45536
1067 0.454938
1068 0.454514
1069 0.454089
1070 0.453662
1071 0.453232
1072 0.452801
1073 0.452369
1074 0.451934
1075 0.451498
1076 0.451061
1077 0.450621
1078 0.45018
1079 0.449738
1080 0.449293
1081 0.448848
1082 0.448401
1083 0.447952
1084 0.447502
1085 0.447051
1086 0.446598
1087 0.446144
1088 0.445689
1089 0.445232
1090 0.444775
1091 0.444316
1092 0.443856
1093 0.443395
1094 0.442933
1095 0.44247
1096 0.442006
1097 0.441541
1098 0.441075
1099 0.440609
1100 0.440142
1101 0.439674
1102 0.439205
1103 0.438735
1104 0.438265
1105 0.437795
1106 0.437324
1107 0.436852
1108 0.43638
1109 0.435908
1110 0.435436
1111 0.434963
1112 0.43449
1113 0.434016
1114 0.433543
1115 0.433069
1116 0.432596
1117 0.432122
1118 0.431649
1119 0.431175
1120 0.430702
1121 0.430229
1122 0.429756
1123 0.429283
1124 0.428811
1125 0.428339
1126 0.427868
1127 0.427397
1128 0.426927
1129 0.426457
1130 0.425988
1131 0.425519
1132 0.425051
1133 0.424584
1134 0.424118
1135 0.423653
1136 0.423189
1137 0.422725
1138 0.422263
1139 0.421801
1140 0.421341
1141 0.420882
1142 0.420424
1143 0.419967
1144 0.419511
1145 0.419057
1146 0.418604
1147 0.418153
1148 0.417703
1149 0.417254
1150 0.416807
1151 0.416362
1152 0.415918
1153 0.415475
1154 0.415035
1155 0.414596
1156 0.414159
1157 0.413723
1158 0.41329
1159 0.412858
1160 0.412429
1161 0.412001
1162 0.411575
1163 0.411151
1164 0.410729
1165 0.410309
1166 0.409892
1167 0.409476
1168 0.409063
1169 0.408651
1170 0.408242
1171 0.407836
1172 0.407431
1173 0.407029
1174 0.406629
1175 0.406231
1176 0.405836
1177 0.405443
1178 0.405053
1179 0.404665
1180 0.404279
1181 0.403896
1182 0.403516
1183 0.403138
1184 0.402762
1185 0.402389
1186 0.402019
1187 0.401651
1188 0.401286
1189 0.400923
1190 0.400563
1191 0.400206
1192 0.399851
1193 0.399499
1194 0.39915
1195 0.398803
1196 0.398459
1197 0.398118
1198 0.397779
1199 0.397443
1200 0.39711
1201 0.39678
1202 0.396452
1203 0.396127
1204 0.395805
1205 0.395485
1206 0.395168
1207 0.394854
1208 0.394543
1209 0.394235
1210 0.393929
1211 0.393626
1212 0.393326
1213 0.393028
1214 0.392734
1215 0.392442
1216 0.392152
1217 0.391866
1218 0.391582
1219 0.391301
1220 0.391023
1221 0.390747
1222 0.390474
1223 0.390204
1224 0.389937
1225 0.389672
1226 0.38941
1227 0.389151
1228 0.388894
1229 0.38864
1230 0.388388
1231 0.388139
1232 0.387893
1233 0.38765
1234 0.387409
1235 0.38717
1236 0.386934
1237 0.386701
1238 0.38647
1239 0.386242
1240 0.386017
1241 0.385794
1242 0.385573
1243 0.385355
1244 0.385139
1245 0.384926
1246 0.384715
1247 0.384507
1248 0.384301
1249 0.384097
1250 0.383896
1251 0.383698
1252 0.383501
1253 0.383307
1254 0.383115
1255 0.382926
1256 0.382739
1257 0.382554
1258 0.382371
1259 0.38219
1260 0.382012
1261 0.381836
1262 0.381662
1263 0.38149
1264 0.381321
1265 0.381153
1266 0.380988
1267 0.380825
1268 0.380663
1269 0.380504
1270 0.380347
1271 0.380192
1272 0.380039
1273 0.379887
1274 0.379738
1275 0.379591
1276 0.379445
1277 0.379302
1278 0.37916
1279 0.379021
1280 0.378883
1281 0.378747
1282 0.378612
1283 0.37848
1284 0.378349
1285 0.37822
1286 0.378093
1287 0.377967
1288 0.377844
1289 0.377721
1290 0.377601
1291 0.377482
1292 0.377365
1293 0.377249
1294 0.377135
1295 0.377022
1296 0.376911
1297 0.376802
1298 0.376694
1299 0.376588
1300 0.376483
1301 0.376379
1302 0.376277
1303 0.376176
1304 0.376077
1305 0.375979
1306 0.375883
1307 0.375788
1308 0.375694
1309 0.375601
1310 0.37551
1311 0.37542
1312 0.375331
1313 0.375244
1314 0.375158
1315 0.375073
1316 0.374989
1317 0.374906
1318 0.374825
1319 0.374745
1320 0.374666
1321 0.374587
1322 0.374511
1323 0.374435
1324 0.37436
1325 0.374286
1326 0.374213
1327 0.374142
1328 0.374071
1329 0.374001
1330 0.373933
1331 0.373865
1332 0.373798
1333 0.373732
1334 0.373667
1335 0.373603
1336 0.37354
1337 0.373478
1338 0.373416
1339 0.373356
1340 0.373296
1341 0.373237
1342 0.373179
1343 0.373121
1344 0.373065
1345 0.373009
1346 0.372954
1347 0.3729
1348 0.372846
1349 0.372793
1350 0.372741
1351 0.372689
1352 0.372639
1353 0.372588
1354 0.372539
1355 0.37249
1356 0.372442
1357 0.372394
1358 0.372347
1359 0.3723
1360 0.372254
1361 0.372209
1362 0.372164
1363 0.37212
1364 0.372076
1365 0.372033
1366 0.371991
1367 0.371948
1368 0.371907
1369 0.371865
1370 0.371825
1371 0.371784
1372 0.371745
1373 0.371705
1374 0.371666
1375 0.371628
1376 0.371589
1377 0.371552
1378 0.371514
1379 0.371477
1380 0.371441
1381 0.371404
1382 0.371368
1383 0.371333
1384 0.371298
1385 0.371263
1386 0.371228
1387 0.371194
1388 0.37116
1389 0.371126
1390 0.371093
1391 0.371059
1392 0.371027
1393 0.370994
1394 0.370962
1395 0.370929
1396 0.370897
1397 0.370866
1398 0.370834
1399 0.370803
1400 0.370772
1401 0.370741
1402 0.370711
1403 0.37068
1404 0.37065
1405 0.37062
1406 0.37059
1407 0.37056
1408 0.37053
1409 0.370501
1410 0.370472
1411 0.370442
1412 0.370413
1413 0.370384
1414 0.370356
1415 0.370327
1416 0.370298
1417 0.37027
1418 0.370241
1419 0.370213
1420 0.370185
1421 0.370157
1422 0.370129
1423 0.370101
1424 0.370073
1425 0.370045
1426 0.370017
1427 0.369989
1428 0.369962
1429 0.369934
1430 0.369906
1431 0.369879
1432 0.369851
1433 0.369824
1434 0.369796
1435 0.369769
1436 0.369741
1437 0.369714
1438 0.369686
1439 0.369659
1440 0.369632
1441 0.369604
1442 0.369577
1443 0.369549
1444 0.369522
1445 0.369494
1446 0.369467
1447 0.36944
1448 0.369412
1449 0.369385
1450 0.369357
1451 0.369329
1452 0.369302
1453 0.369274
1454 0.369247
1455 0.369219
1456 0.369191
1457 0.369163
1458 0.369136
1459 0.369108
1460 0.36908
1461 0.369052
1462 0.369024
1463 0.368996
1464 0.368968
1465 0.368939
1466 0.368911
1467 0.368883
1468 0.368854
1469 0.368826
1470 0.368797
1471 0.368769
1472 0.36874
1473 0.368712
1474 0.368683
1475 0.368654
1476 0.368625
1477 0.368596
1478 0.368567
1479 0.368538
1480 0.368509
1481 0.368479
1482 0.36845
1483 0.36842
1484 0.368391
1485 0.368361
1486 0.368331
1487 0.368301
1488 0.368272
1489 0.368242
1490 0.368211
1491 0.368181
1492 0.368151
1493 0.368121
1494 0.36809
1495 0.36806
1496 0.368029
1497 0.367998
1498 0.367967
1499 0.367937
1500 0.367905
1501 0.367874
1502 0.367843
1503 0.367812
1504 0.36778
1505 0.367749
1506 0.367717
1507 0.367686
1508 0.367654
1509 0.367622
1510 0.36759
1511 0.367558
1512 0.367525
1513 0.367493
1514 0.367461
1515 0.367428
1516 0.367396
1517 0.367363
1518 0.36733
1519 0.367297
1520 0.367264
1521 0.367231
1522 0.367198
1523 0.367164
1524 0.367131
1525 0.367097
1526 0.367063
1527 0.36703
1528 0.366996
1529 0.366962
1530 0.366928
1531 0.366893
1532 0.366859
1533 0.366825
1534 0.36679
1535 0.366755
1536 0.36672
1537 0.366686
1538 0.366651
1539 0.366615
1540 0.36658
1541 0.366545
1542 0.366509
1543 0.366474
1544 0.366438
1545 0.366402
1546 0.366366
1547 0.36633
1548 0.366294
1549 0.366258
1550 0.366222
1551 0.366185
1552 0.366149
1553 0.366112
1554 0.366075
1555 0.366038
1556 0.366001
1557 0.365964
1558 0.365926
1559 0.365889
1560 0.365851
1561 0.365814
1562 0.365776
1563 0.365738
1564 0.3657
1565 0.365662
1566 0.365624
1567 0.365585
1568 0.365547
1569 0.365508
1570 0.365469
1571 0.36543
1572 0.365391
1573 0.365352
1574 0.365313
1575 0.365273
1576 0.365234
1577 0.365194
1578 0.365154
1579 0.365115
1580 0.365074
1581 0.365034
1582 0.364994
1583 0.364953
1584 0.364913
1585 0.364872
1586 0.364831
1587 0.36479
1588 0.364749
1589 0.364708
1590 0.364666
1591 0.364625
1592 0.364583
1593 0.364541
1594 0.364499
1595 0.364457
1596 0.364415
1597 0.364373
1598 0.36433
1599 0.364287
1600 0.364244
1601 0.364201
1602 0.364158
1603 0.364115
1604 0.364072
1605 0.364028
1606 0.363984
1607 0.36394
1608 0.363896
1609 0.363852
1610 0.363808
1611 0.363763
1612 0.363718
1613 0.363673
1614 0.363628
1615 0.363583
1616 0.363538
1617 0.363492
1618 0.363446
1619 0.3634
1620 0.363354
1621 0.363308
1622 0.363262
1623 0.363215
1624 0.363168
1625 0.363121
1626 0.363074
1627 0.363027
1628 0.362979
1629 0.362932
1630 0.362884
1631 0.362835
1632 0.362787
1633 0.362739
1634 0.36269
1635 0.362641
1636 0.362592
1637 0.362543
1638 0.362493
1639 0.362443
1640 0.362394
1641 0.362343
1642 0.362293
1643 0.362242
1644 0.362192
1645 0.362141
1646 0.362089
1647 0.362038
1648 0.361986
1649 0.361934
1650 0.361882
1651 0.36183
1652 0.361777
1653 0.361724
1654 0.361671
1655 0.361618
1656 0.361564
1657 0.36151
1658 0.361456
1659 0.361402
1660 0.361347
1661 0.361292
1662 0.361237
1663 0.361181
1664 0.361126
1665 0.36107
1666 0.361013
1667 0.360957
1668 0.3609
1669 0.360843
1670 0.360785
1671 0.360728
1672 0.36067
1673 0.360611
1674 0.360553
1675 0.360494
1676 0.360434
1677 0.360375
1678 0.360315
1679 0.360255
1680 0.360194
1681 0.360133
1682 0.360072
1683 0.36001
1684 0.359948
1685 0.359886
1686 0.359823
1687 0.35976
1688 0.359697
1689 0.359633
1690 0.359569
1691 0.359504
1692 0.359439
1693 0.359374
1694 0.359308
1695 0.359242
1696 0.359176
1697 0.359109
1698 0.359041
1699 0.358973
1700 0.358905
1701 0.358837
1702 0.358767
1703 0.358698
1704 0.358628
1705 0.358557
1706 0.358486
1707 0.358415
1708 0.358343
1709 0.358271
1710 0.358198
1711 0.358125
1712 0.358051
1713 0.357976
1714 0.357901
1715 0.357826
1716 0.35775
1717 0.357673
1718 0.357596
1719 0.357519
1720 0.35744
1721 0.357362
1722 0.357282
1723 0.357202
1724 0.357122
1725 0.35704
1726 0.356959
1727 0.356876
1728 0.356793
1729 0.356709
1730 0.356625
1731 0.35654
1732 0.356454
1733 0.356368
1734 0.35628
1735 0.356193
1736 0.356104
1737 0.356015
1738 0.355925
1739 0.355834
1740 0.355742
1741 0.35565
1742 0.355557
1743 0.355463
1744 0.355368
1745 0.355272
1746 0.355176
1747 0.355079
1748 0.35498
1749 0.354881
1750 0.354781
1751 0.354681
1752 0.354579
1753 0.354476
1754 0.354372
1755 0.354268
1756 0.354162
1757 0.354055
1758 0.353948
1759 0.353839
1760 0.353729
1761 0.353618
1762 0.353507
1763 0.353394
1764 0.353279
1765 0.353164
1766 0.353048
1767 0.35293
1768 0.352811
1769 0.352691
1770 0.35257
1771 0.352447
1772 0.352323
1773 0.352198
1774 0.352072
1775 0.351944
1776 0.351815
1777 0.351684
1778 0.351552
1779 0.351419
1780 0.351284
1781 0.351147
1782 0.351009
1783 0.35087
1784 0.350729
1785 0.350586
1786 0.350442
1787 0.350296
1788 0.350148
1789 0.349999
1790 0.349847
1791 0.349694
1792 0.34954
1793 0.349383
1794 0.349225
1795 0.349064
1796 0.348902
1797 0.348738
1798 0.348571
1799 0.348403
1800 0.348233
1801 0.34806
1802 0.347885
1803 0.347708
1804 0.347529
1805 0.347348
1806 0.347164
1807 0.346978
1808 0.346789
1809 0.346598
1810 0.346405
1811 0.346209
1812 0.34601
1813 0.345809
1814 0.345605
1815 0.345398
1816 0.345189
1817 0.344977
1818 0.344762
1819 0.344544
1820 0.344322
1821 0.344098
1822 0.343871
1823 0.343641
1824 0.343407
1825 0.34317
1826 0.34293
1827 0.342687
1828 0.34244
1829 0.342189
1830 0.341935
1831 0.341677
1832 0.341416
1833 0.341151
1834 0.340882
1835 0.340609
1836 0.340332
1837 0.340051
1838 0.339766
1839 0.339477
1840 0.339183
1841 0.338885
1842 0.338583
1843 0.338276
1844 0.337965
1845 0.337649
1846 0.337328
1847 0.337003
1848 0.336672
1849 0.336337
1850 0.335996
1851 0.335651
1852 0.3353
1853 0.334944
1854 0.334582
1855 0.334215
1856 0.333843
1857 0.333464
1858 0.33308
1859 0.332691
1860 0.332295
1861 0.331893
1862 0.331485
1863 0.331071
1864 0.33065
1865 0.330223
1866 0.32979
1867 0.329349
1868 0.328903
1869 0.328449
1870 0.327989
1871 0.327521
1872 0.327047
1873 0.326565
1874 0.326076
1875 0.325579
1876 0.325075
1877 0.324564
1878 0.324045
1879 0.323518
1880 0.322983
1881 0.32244
1882 0.32189
1883 0.321331
1884 0.320764
1885 0.320188
1886 0.319604
1887 0.319012
1888 0.318411
1889 0.317801
1890 0.317183
1891 0.316556
1892 0.315919
1893 0.315274
1894 0.31462
1895 0.313956
1896 0.313283
1897 0.312601
1898 0.31191
1899 0.311208
1900 0.310498
1901 0.309777
1902 0.309047
1903 0.308308
1904 0.307558
1905 0.306799
1906 0.306029
1907 0.30525
1908 0.30446
1909 0.30366
1910 0.30285
1911 0.30203
1912 0.3012
1913 0.300359
1914 0.299508
1915 0.298646
1916 0.297774
1917 0.296892
1918 0.295999
1919 0.295095
1920 0.294181
1921 0.293256
1922 0.292321
1923 0.291375
1924 0.290418
1925 0.289451
1926 0.288473
1927 0.287484
1928 0.286484
1929 0.285474
1930 0.284453
1931 0.283422
1932 0.28238
1933 0.281327
1934 0.280263
1935 0.279189
1936 0.278105
1937 0.27701
1938 0.275904
1939 0.274788
1940 0.273661
1941 0.272524
1942 0.271377
1943 0.27022
1944 0.269052
1945 0.267874
1946 0.266687
1947 0.265489
1948 0.264281
1949 0.263064
1950 0.261837
1951 0.260601
1952 0.259355
1953 0.2581
1954 0.256835
1955 0.255562
1956 0.25428
1957 0.252989
1958 0.251689
1959 0.250381
1960 0.249065
1961 0.24774
1962 0.246408
1963 0.245067
1964 0.24372
1965 0.242364
1966 0.241002
1967 0.239633
1968 0.238257
1969 0.236874
1970 0.235485
1971 0.23409
1972 0.232689
1973 0.231282
1974 0.22987
1975 0.228453
1976 0.227031
1977 0.225604
1978 0.224173
1979 0.222738
1980 0.221299
1981 0.219857
1982 0.218411
1983 0.216962
1984 0.21551
1985 0.214056
1986 0.2126
1987 0.211141
1988 0.209681
1989 0.20822
1990 0.206758
1991 0.205295
1992 0.203832
1993 0.202368
1994 0.200905
1995 0.199442
1996 0.197979
1997 0.196518
1998 0.195058
1999 0.1936
2000 0.192143
2001 0.190688
2002 0.189236
2003 0.187787
2004 0.18634
2005 0.184897
2006 0.183457
2007 0.182021
2008 0.180589
2009 0.179162
2010 0.177738
2011 0.17632
2012 0.174906
2013 0.173498
2014 0.172096
2015 0.170698
2016 0.169307
2017 0.167922
2018 0.166544
2019 0.165172
2020 0.163806
2021 0.162448
2022 0.161097
2023 0.159753
2024 0.158416
2025 0.157087
2026 0.155766
2027 0.154453
2028 0.153148
2029 0.151852
2030 0.150563
2031 0.149283
2032 0.148012
2033 0.14675
2034 0.145496
2035 0.144252
2036 0.143016
2037 0.14179
2038 0.140573
2039 0.139366
2040 0.138167
2041 0.136979
2042 0.135799
2043 0.13463
2044 0.13347
2045 0.13232
2046 0.131179
2047 0.130049
2048 0.128928
2049 0.127817
2050 0.126716
2051 0.125624
2052 0.124543
2053 0.123471
2054 0.12241
2055 0.121358
2056 0.120317
2057 0.119285
2058 0.118263
2059 0.117251
2060 0.116249
2061 0.115256
2062 0.114274
2063 0.113301
2064 0.112338
2065 0.111384
2066 0.11044
2067 0.109506
2068 0.108582
2069 0.107667
2070 0.106761
2071 0.105865
2072 0.104978
2073 0.104101
2074 0.103233
2075 0.102374
2076 0.101524
2077 0.100684
2078 0.0998519
2079 0.0990291
2080 0.0982153
2081 0.0974103
2082 0.096614
2083 0.0958264
2084 0.0950474
2085 0.094277
2086 0.093515
2087 0.0927614
2088 0.0920161
2089 0.0912791
2090 0.0905502
2091 0.0898294
2092 0.0891166
2093 0.0884118
2094 0.0877148
2095 0.0870256
2096 0.0863441
2097 0.0856702
2098 0.0850039
2099 0.0843451
2100 0.0836936
2101 0.0830495
2102 0.0824126
2103 0.0817828
2104 0.0811602
2105 0.0805445
2106 0.0799358
2107 0.0793339
2108 0.0787388
2109 0.0781504
2110 0.0775686
2111 0.0769934
2112 0.0764246
2113 0.0758623
2114 0.0753062
2115 0.0747564
2116 0.0742128
2117 0.0736753
2118 0.0731438
2119 0.0726183
2120 0.0720987
2121 0.0715849
2122 0.0710768
2123 0.0705744
2124 0.0700777
2125 0.0695864
2126 0.0691007
2127 0.0686203
2128 0.0681453
2129 0.0676756
2130 0.067211
2131 0.0667517
2132 0.0662974
2133 0.0658481
2134 0.0654037
2135 0.0649643
2136 0.0645297
2137 0.0640999
2138 0.0636747
2139 0.0632543
2140 0.0628384
2141 0.062427
2142 0.0620202
2143 0.0616177
2144 0.0612197
2145 0.0608259
2146 0.0604364
2147 0.0600511
2148 0.0596699
2149 0.0592928
2150 0.0589198
2151 0.0585508
2152 0.0581857
2153 0.0578244
2154 0.0574671
2155 0.0571135
2156 0.0567637
2157 0.0564175
2158 0.056075
2159 0.0557361
2160 0.0554008
2161 0.055069
2162 0.0547406
2163 0.0544157
2164 0.0540941
2165 0.0537759
2166 0.0534609
2167 0.0531493
2168 0.0528408
2169 0.0525355
2170 0.0522333
2171 0.0519342
2172 0.0516381
2173 0.0513451
2174 0.051055
2175 0.0507678
2176 0.0504836
2177 0.0502022
2178 0.0499236
2179 0.0496479
2180 0.0493748
2181 0.0491045
2182 0.0488369
2183 0.0485719
2184 0.0483095
2185 0.0480498
2186 0.0477925
2187 0.0475378
2188 0.0472856
2189 0.0470358
2190 0.0467885
2191 0.0465435
2192 0.0463009
2193 0.0460607
2194 0.0458227
2195 0.0455871
2196 0.0453536
2197 0.0451225
2198 0.0448934
2199 0.0446666
2200 0.0444419
2201 0.0442193
2202 0.0439988
2203 0.0437804
2204 0.043564
2205 0.0433496
2206 0.0431372
2207 0.0429268
2208 0.0427183
2209 0.0425117
2210 0.042307
2211 0.0421042
2212 0.0419032
2213 0.0417041
2214 0.0415067
2215 0.0413112
2216 0.0411174
2217 0.0409253
2218 0.040735
2219 0.0405463
2220 0.0403594
2221 0.040174
2222 0.0399904
2223 0.0398083
2224 0.0396278
2225 0.039449
2226 0.0392716
2227 0.0390959
2228 0.0389216
2229 0.0387489
2230 0.0385776
2231 0.0384078
2232 0.0382395
2233 0.0380726
2234 0.0379072
2235 0.0377431
2236 0.0375804
2237 0.0374191
2238 0.0372592
2239 0.0371006
2240 0.0369433
2241 0.0367874
2242 0.0366327
2243 0.0364793
2244 0.0363272
2245 0.0361764
2246 0.0360267
2247 0.0358783
2248 0.0357311
2249 0.0355852
2250 0.0354403
2251 0.0352967
2252 0.0351542
2253 0.0350129
2254 0.0348727
2255 0.0347336
2256 0.0345957
2257 0.0344588
2258 0.034323
2259 0.0341883
2260 0.0340546
2261 0.033922
2262 0.0337904
2263 0.0336599
2264 0.0335303
2265 0.0334018
2266 0.0332743
2267 0.0331477
2268 0.0330221
2269 0.0328975
2270 0.0327738
2271 0.0326511
2272 0.0325293
2273 0.0324084
2274 0.0322885
2275 0.0321694
2276 0.0320512
2277 0.0319339
2278 0.0318175
2279 0.031702
2280 0.0315873
2281 0.0314734
2282 0.0313604
2283 0.0312482
2284 0.0311369
2285 0.0310263
2286 0.0309166
2287 0.0308076
2288 0.0306995
2289 0.0305921
2290 0.0304855
2291 0.0303796
2292 0.0302745
2293 0.0301702
2294 0.0300666
2295 0.0299637
2296 0.0298616
2297 0.0297602
2298 0.0296595
2299 0.0295595
2300 0.0294601
2301 0.0293615
2302 0.0292636
2303 0.0291664
2304 0.0290698
2305 0.0289739
2306 0.0288786
2307 0.028784
2308 0.02869
2309 0.0285967
2310 0.028504
2311 0.028412
2312 0.0283205
2313 0.0282297
2314 0.0281395
2315 0.0280499
2316 0.0279608
2317 0.0278724
2318 0.0277846
2319 0.0276973
2320 0.0276106
2321 0.0275245
2322 0.027439
2323 0.027354
2324 0.0272695
2325 0.0271857
2326 0.0271023
2327 0.0270195
2328 0.0269372
2329 0.0268555
2330 0.0267743
2331 0.0266936
2332 0.0266134
2333 0.0265337
2334 0.0264545
2335 0.0263759
2336 0.0262977
2337 0.02622
2338 0.0261428
2339 0.0260661
2340 0.0259899
2341 0.0259141
2342 0.0258388
2343 0.025764
2344 0.0256896
2345 0.0256157
2346 0.0255423
2347 0.0254693
2348 0.0253967
2349 0.0253246
2350 0.0252529
2351 0.0251817
2352 0.0251109
2353 0.0250405
2354 0.0249705
2355 0.024901
2356 0.0248319
2357 0.0247631
2358 0.0246948
2359 0.0246269
2360 0.0245594
2361 0.0244923
2362 0.0244256
2363 0.0243593
2364 0.0242934
2365 0.0242278
2366 0.0241627
2367 0.0240979
2368 0.0240335
2369 0.0239694
2370 0.0239058
2371 0.0238425
2372 0.0237795
2373 0.023717
2374 0.0236547
2375 0.0235929
2376 0.0235314
2377 0.0234702
2378 0.0234094
2379 0.0233489
2380 0.0232887
2381 0.0232289
2382 0.0231695
2383 0.0231103
2384 0.0230515
2385 0.0229931
2386 0.0229349
2387 0.0228771
2388 0.0228195
2389 0.0227623
2390 0.0227055
2391 0.0226489
2392 0.0225926
2393 0.0225367
2394 0.022481
2395 0.0224256
2396 0.0223706
2397 0.0223158
2398 0.0222614
2399 0.0222072
2400 0.0221533
2401 0.0220997
2402 0.0220464
2403 0.0219934
2404 0.0219406
2405 0.0218882
2406 0.021836
2407 0.0217841
2408 0.0217324
2409 0.021681
2410 0.0216299
2411 0.0215791
2412 0.0215285
2413 0.0214782
2414 0.0214282
2415 0.0213784
2416 0.0213288
2417 0.0212796
2418 0.0212305
2419 0.0211818
2420 0.0211332
2421 0.021085
2422 0.0210369
2423 0.0209891
2424 0.0209416
2425 0.0208943
2426 0.0208472
2427 0.0208004
2428 0.0207538
2429 0.0207074
2430 0.0206613
2431 0.0206154
2432 0.0205697
2433 0.0205242
2434 0.020479
2435 0.020434
2436 0.0203892
2437 0.0203447
2438 0.0203003
2439 0.0202562
2440 0.0202123
2441 0.0201686
2442 0.0201251
2443 0.0200819
2444 0.0200388
2445 0.0199959
2446 0.0199533
2447 0.0199109
2448 0.0198686
2449 0.0198266
2450 0.0197847
2451 0.0197431
2452 0.0197017
2453 0.0196604
2454 0.0196194
2455 0.0195785
2456 0.0195379
2457 0.0194974
2458 0.0194571
2459 0.019417
2460 0.0193771
2461 0.0193374
2462 0.0192979
2463 0.0192585
2464 0.0192194
2465 0.0191804
2466 0.0191416
2467 0.0191029
2468 0.0190645
2469 0.0190262
2470 0.0189881
2471 0.0189502
2472 0.0189125
2473 0.0188749
2474 0.0188375
2475 0.0188002
2476 0.0187632
2477 0.0187263
2478 0.0186895
2479 0.018653
2480 0.0186165
2481 0.0185803
2482 0.0185442
2483 0.0185083
2484 0.0184725
2485 0.0184369
2486 0.0184015
2487 0.0183662
2488 0.0183311
2489 0.0182961
2490 0.0182613
2491 0.0182266
2492 0.0181921
2493 0.0181577
2494 0.0181235
2495 0.0180894
2496 0.0180555
2497 0.0180217
2498 0.0179881
2499 0.0179546
2500 0.0179213
2501 0.0178881
2502 0.017855
2503 0.0178221
2504 0.0177893
2505 0.0177567
2506 0.0177242
2507 0.0176919
2508 0.0176596
2509 0.0176276
2510 0.0175956
2511 0.0175638
2512 0.0175321
2513 0.0175006
2514 0.0174692
2515 0.0174379
2516 0.0174067
2517 0.0173757
2518 0.0173448
2519 0.0173141
2520 0.0172834
2521 0.0172529
2522 0.0172226
2523 0.0171923
2524 0.0171622
2525 0.0171322
2526 0.0171023
2527 0.0170725
2528 0.0170429
2529 0.0170133
2530 0.0169839
2531 0.0169547
2532 0.0169255
2533 0.0168965
2534 0.0168675
2535 0.0168387
2536 0.01681
2537 0.0167814
2538 0.016753
2539 0.0167246
2540 0.0166964
2541 0.0166683
2542 0.0166402
2543 0.0166123
2544 0.0165845
2545 0.0165569
2546 0.0165293
2547 0.0165018
2548 0.0164745
2549 0.0164472
2550 0.0164201
2551 0.016393
2552 0.0163661
2553 0.0163393
2554 0.0163126
2555 0.016286
2556 0.0162594
2557 0.016233
2558 0.0162067
2559 0.0161805
2560 0.0161544
2561 0.0161284
2562 0.0161025
2563 0.0160767
2564 0.016051
2565 0.0160254
2566 0.0159998
2567 0.0159744
2568 0.0159491
2569 0.0159239
2570 0.0158988
2571 0.0158737
2572 0.0158488
2573 0.0158239
2574 0.0157992
2575 0.0157745
2576 0.01575
2577 0.0157255
2578 0.0157011
2579 0.0156768
2580 0.0156526
2581 0.0156285
2582 0.0156045
2583 0.0155805
2584 0.0155567
2585 0.0155329
2586 0.0155093
2587 0.0154857
2588 0.0154622
2589 0.0154388
2590 0.0154154
2591 0.0153922
2592 0.015369
2593 0.015346
2594 0.015323
2595 0.0153001
2596 0.0152773
2597 0.0152545
2598 0.0152319
2599 0.0152093
2600 0.0151868
2601 0.0151644
2602 0.015142
2603 0.0151198
2604 0.0150976
2605 0.0150755
2606 0.0150535
2607 0.0150315
2608 0.0150097
2609 0.0149879
2610 0.0149662
2611 0.0149446
2612 0.014923
2613 0.0149015
2614 0.0148801
2615 0.0148588
2616 0.0148375
2617 0.0148164
2618 0.0147953
2619 0.0147742
2620 0.0147533
2621 0.0147324
2622 0.0147116
2623 0.0146908
2624 0.0146701
2625 0.0146495
2626 0.014629
2627 0.0146086
2628 0.0145882
2629 0.0145679
2630 0.0145476
2631 0.0145274
2632 0.0145073
2633 0.0144873
2634 0.0144673
2635 0.0144474
2636 0.0144275
2637 0.0144078
2638 0.0143881
2639 0.0143684
2640 0.0143489
2641 0.0143293
2642 0.0143099
2643 0.0142905
2644 0.0142712
2645 0.014252
2646 0.0142328
2647 0.0142137
2648 0.0141946
2649 0.0141756
2650 0.0141567
2651 0.0141378
2652 0.014119
2653 0.0141003
2654 0.0140816
2655 0.014063
2656 0.0140444
2657 0.0140259
2658 0.0140075
2659 0.0139891
2660 0.0139708
2661 0.0139525
2662 0.0139343
2663 0.0139162
2664 0.0138981
2665 0.0138801
2666 0.0138621
2667 0.0138442
2668 0.0138263
2669 0.0138085
2670 0.0137908
2671 0.0137731
2672 0.0137555
2673 0.0137379
2674 0.0137204
2675 0.013703
2676 0.0136856
2677 0.0136682
2678 0.0136509
2679 0.0136337
2680 0.0136165
2681 0.0135994
2682 0.0135823
2683 0.0135653
2684 0.0135484
2685 0.0135314
2686 0.0135146
2687 0.0134978
2688 0.013481
2689 0.0134643
2690 0.0134477
2691 0.0134311
2692 0.0134145
2693 0.013398
2694 0.0133816
2695 0.0133652
2696 0.0133489
2697 0.0133326
2698 0.0133163
2699 0.0133001
2700 0.013284
2701 0.0132679
2702 0.0132519
2703 0.0132359
2704 0.0132199
2705 0.013204
2706 0.0131882
2707 0.0131724
2708 0.0131566
2709 0.0131409
2710 0.0131252
2711 0.0131096
2712 0.0130941
2713 0.0130786
2714 0.0130631
2715 0.0130477
2716 0.0130323
2717 0.013017
2718 0.0130017
2719 0.0129864
2720 0.0129712
2721 0.0129561
2722 0.012941
2723 0.0129259
2724 0.0129109
2725 0.0128959
2726 0.012881
2727 0.0128661
2728 0.0128513
2729 0.0128365
2730 0.0128217
2731 0.012807
2732 0.0127923
2733 0.0127777
2734 0.0127631
2735 0.0127486
2736 0.0127341
2737 0.0127197
2738 0.0127052
2739 0.0126909
2740 0.0126765
2741 0.0126623
2742 0.012648
2743 0.0126338
2744 0.0126196
2745 0.0126055
2746 0.0125914
2747 0.0125774
2748 0.0125634
2749 0.0125494
2750 0.0125355
2751 0.0125216
2752 0.0125078
2753 0.012494
2754 0.0124802
2755 0.0124665
2756 0.0124528
2757 0.0124391
2758 0.0124255
2759 0.0124119
2760 0.0123984
2761 0.0123849
2762 0.0123715
2763 0.012358
2764 0.0123446
2765 0.0123313
2766 0.012318
2767 0.0123047
2768 0.0122915
2769 0.0122783
2770 0.0122651
2771 0.012252
2772 0.0122389
2773 0.0122258
2774 0.0122128
2775 0.0121998
2776 0.0121869
2777 0.012174
2778 0.0121611
2779 0.0121483
2780 0.0121355
2781 0.0121227
2782 0.01211
2783 0.0120973
2784 0.0120846
2785 0.012072
2786 0.0120594
2787 0.0120468
2788 0.0120343
2789 0.0120218
2790 0.0120093
2791 0.0119969
2792 0.0119845
2793 0.0119721
2794 0.0119598
2795 0.0119475
2796 0.0119352
2797 0.011923
2798 0.0119108
2799 0.0118986
2800 0.0118865
2801 0.0118744
2802 0.0118623
2803 0.0118503
2804 0.0118383
2805 0.0118263
2806 0.0118144
2807 0.0118025
2808 0.0117906
2809 0.0117788
2810 0.0117669
2811 0.0117551
2812 0.0117434
2813 0.0117317
2814 0.01172
2815 0.0117083
2816 0.0116967
2817 0.0116851
2818 0.0116735
2819 0.011662
2820 0.0116504
2821 0.011639
2822 0.0116275
2823 0.0116161
2824 0.0116047
2825 0.0115933
2826 0.011582
2827 0.0115707
2828 0.0115594
2829 0.0115482
2830 0.0115369
2831 0.0115257
2832 0.0115146
2833 0.0115034
2834 0.0114923
2835 0.0114813
2836 0.0114702
2837 0.0114592
2838 0.0114482
2839 0.0114372
2840 0.0114263
2841 0.0114154
2842 0.0114045
2843 0.0113936
2844 0.0113828
2845 0.011372
2846 0.0113612
2847 0.0113505
2848 0.0113398
2849 0.0113291
2850 0.0113184
2851 0.0113077
2852 0.0112971
2853 0.0112865
2854 0.011276
2855 0.0112654
2856 0.0112549
2857 0.0112444
2858 0.011234
2859 0.0112236
2860 0.0112131
2861 0.0112028
2862 0.0111924
2863 0.0111821
2864 0.0111718
2865 0.0111615
2866 0.0111512
2867 0.011141
2868 0.0111308
2869 0.0111206
2870 0.0111104
2871 0.0111003
2872 0.0110902
2873 0.0110801
2874 0.0110701
2875 0.01106
2876 0.01105
2877 0.01104
2878 0.0110301
2879 0.0110201
2880 0.0110102
2881 0.0110003
2882 0.0109904
2883 0.0109806
2884 0.0109708
2885 0.010961
2886 0.0109512
2887 0.0109415
2888 0.0109317
2889 0.010922
2890 0.0109123
2891 0.0109027
2892 0.010893
2893 0.0108834
2894 0.0108738
2895 0.0108643
2896 0.0108547
2897 0.0108452
2898 0.0108357
2899 0.0108262
2900 0.0108168
2901 0.0108073
2902 0.0107979
2903 0.0107885
2904 0.0107791
2905 0.0107698
2906 0.0107605
2907 0.0107512
2908 0.0107419
2909 0.0107326
2910 0.0107234
2911 0.0107142
2912 0.010705
2913 0.0106958
2914 0.0106866
2915 0.0106775
2916 0.0106684
2917 0.0106593
2918 0.0106502
2919 0.0106412
2920 0.0106321
2921 0.0106231
2922 0.0106141
2923 0.0106052
2924 0.0105962
2925 0.0105873
2926 0.0105784
2927 0.0105695
2928 0.0105606
2929 0.0105518
2930 0.0105429
2931 0.0105341
2932 0.0105253
2933 0.0105166
2934 0.0105078
2935 0.0104991
2936 0.0104904
2937 0.0104817
2938 0.010473
2939 0.0104643
2940 0.0104557
2941 0.0104471
2942 0.0104385
2943 0.0104299
2944 0.0104214
2945 0.0104128
2946 0.0104043
2947 0.0103958
2948 0.0103873
2949 0.0103789
2950 0.0103704
2951 0.010362
2952 0.0103536
2953 0.0103452
2954 0.0103368
2955 0.0103285
2956 0.0103201
2957 0.0103118
2958 0.0103035
2959 0.0102952
2960 0.010287
2961 0.0102787
2962 0.0102705
2963 0.0102623
2964 0.0102541
2965 0.0102459
2966 0.0102378
2967 0.0102296
2968 0.0102215
2969 0.0102134
2970 0.0102053
2971 0.0101972
2972 0.0101892
2973 0.0101811
2974 0.0101731
2975 0.0101651
2976 0.0101571
2977 0.0101492
2978 0.0101412
2979 0.0101333
2980 0.0101254
2981 0.0101175
2982 0.0101096
2983 0.0101017
2984 0.0100939
2985 0.010086
2986 0.0100782
2987 0.0100704
2988 0.0100626
2989 0.0100549
2990 0.0100471
2991 0.0100394
2992 0.0100317
2993 0.010024
2994 0.0100163
2995 0.0100086
2996 0.010001
2997 0.00999331
2998 0.00998569
2999 0.00997808
3000 0.00997049
