0 0.581703
1 0.55098
2 0.529557
3 0.515927
4 0.507804
5 0.503161
6 0.500569
7 0.499141
8 0.498359
9 0.497931
10 0.497697
11 0.497568
12 0.497497
13 0.497457
14 0.497434
15 0.49742
16 0.497412
17 0.497406
18 0.497401
19 0.497397
20 0.497394
21 0.497391
22 0.497388
23 0.497385
24 0.497383
25 0.49738
26 0.497377
27 0.497374
28 0.497372
29 0.497369
30 0.497366
31 0.497363
32 0.49736
33 0.497357
34 0.497355
35 0.497352
36 0.497349
37 0.497346
38 0.497343
39 0.49734
40 0.497337
41 0.497334
42 0.497332
43 0.497329
44 0.497326
45 0.497323
46 0.49732
47 0.497317
48 0.497314
49 0.497311
50 0.497308
51 0.497305
52 0.497302
53 0.497299
54 0.497296
55 0.497293
56 0.49729
57 0.497287
58 0.497283
59 0.49728
60 0.497277
61 0.497274
62 0.497271
63 0.497268
64 0.497265
65 0.497262
66 0.497258
67 0.497255
68 0.497252
69 0.497249
70 0.497246
71 0.497242
72 0.497239
73 0.497236
74 0.497233
75 0.497229
76 0.497226
77 0.497223
78 0.49722
79 0.497216
80 0.497213
81 0.49721
82 0.497206
83 0.497203
84 0.497199
85 0.497196
86 0.497193
87 0.497189
88 0.497186
89 0.497182
90 0.497179
91 0.497175
92 0.497172
93 0.497169
94 0.497165
95 0.497162
96 0.497158
97 0.497154
98 0.497151
99 0.497147
100 0.497144
101 0.49714
102 0.497137
103 0.497133
104 0.497129
105 0.497126
106 0.497122
107 0.497118
108 0.497115
109 0.497111
110 0.497107
111 0.497104
112 0.4971
113 0.497096
114 0.497092
115 0.497089
116 0.497085
117 0.497081
118 0.497077
119 0.497073
120 0.49707
121 0.497066
122 0.497062
123 0.497058
124 0.497054
125 0.49705
126 0.497046
127 0.497042
128 0.497038
129 0.497034
130 0.497031
131 0.497027
132 0.497022
133 0.497018
134 0.497014
135 0.49701
136 0.497006
137 0.497002
138 0.496998
139 0.496994
140 0.49699
141 0.496986
142 0.496982
143 0.496977
144 0.496973
145 0.496969
146 0.496965
147 0.496961
148 0.496956
149 0.496952
150 0.496948
151 0.496943
152 0.496939
153 0.496935
154 0.49693
155 0.496926
156 0.496922
157 0.496917
158 0.496913
159 0.496908
160 0.496904
161 0.496899
162 0.496895
163 0.49689
164 0.496886
165 0.496881
166 0.496877
167 0.496872
168 0.496868
169 0.496863
170 0.496858
171 0.496854
172 0.496849
173 0.496844
174 0.49684
175 0.496835
176 0.49683
177 0.496825
178 0.496821
179 0.496816
180 0.496811
181 0.496806
182 0.496801
183 0.496797
184 0.496792
185 0.496787
186 0.496782
187 0.496777
188 0.496772
189 0.496767
190 0.496762
191 0.496757
192 0.496752
193 0.496747
194 0.496742
195 0.496737
196 0.496731
197 0.496726
198 0.496721
199 0.496716
200 0.496711
201 0.496705
202 0.4967
203 0.496695
204 0.49669
205 0.496684
206 0.496679
207 0.496674
208 0.496668
209 0.496663
210 0.496657
211 0.496652
212 0.496647
213 0.496641
214 0.496636
215 0.49663
216 0.496624
217 0.496619
218 0.496613
219 0.496608
220 0.496602
221 0.496596
222 0.496591
223 0.496585
224 0.496579
225 0.496573
226 0.496568
227 0.496562
228 0.496556
229 0.49655
230 0.496544
231 0.496538
232 0.496532
233 0.496526
234 0.49652
235 0.496514
236 0.496508
237 0.496502
238 0.496496
239 0.49649
240 0.496484
241 0.496478
242 0.496472
243 0.496465
244 0.496459
245 0.496453
246 0.496447
247 0.49644
248 0.496434
249 0.496428
250 0.496421
251 0.496415
252 0.496408
253 0.496402
254 0.496395
255 0.496389
256 0.496382
257 0.496376
258 0.496369
259 0.496362
260 0.496356
261 0.496349
262 0.496342
263 0.496335
264 0.496329
265 0.496322
266 0.496315
267 0.496308
268 0.496301
269 0.496294
270 0.496287
271 0.49628
272 0.496273
273 0.496266
274 0.496259
275 0.496252
276 0.496245
277 0.496238
278 0.49623
279 0.496223
280 0.496216
281 0.496209
282 0.496201
283 0.496194
284 0.496187
285 0.496179
286 0.496172
287 0.496164
288 0.496157
289 0.496149
290 0.496141
291 0.496134
292 0.496126
293 0.496118
294 0.496111
295 0.496103
296 0.496095
297 0.496087
298 0.496079
299 0.496071
300 0.496063
301 0.496055
302 0.496047
303 0.496039
304 0.496031
305 0.496023
306 0.496015
307 0.496007
308 0.495998
309 0.49599
310 0.495982
311 0.495974
312 0.495965
313 0.495957
314 0.495948
315 0.49594
316 0.495931
317 0.495923
318 0.495914
319 0.495905
320 0.495897
321 0.495888
322 0.495879
323 0.49587
324 0.495861
325 0.495852
326 0.495844
327 0.495835
328 0.495825
329 0.495816
330 0.495807
331 0.495798
332 0.495789
333 0.49578
334 0.49577
335 0.495761
336 0.495752
337 0.495742
338 0.495733
339 0.495723
340 0.495714
341 0.495704
342 0.495695
343 0.495685
344 0.495675
345 0.495665
346 0.495656
347 0.495646
348 0.495636
349 0.495626
350 0.495616
351 0.495606
352 0.495596
353 0.495585
354 0.495575
355 0.495565
356 0.495555
357 0.495544
358 0.495534
359 0.495524
360 0.495513
361 0.495503
362 0.495492
363 0.495481
364 0.495471
365 0.49546
366 0.495449
367 0.495438
368 0.495427
369 0.495416
370 0.495405
371 0.495394
372 0.495383
373 0.495372
374 0.495361
375 0.495349
376 0.495338
377 0.495327
378 0.495315
379 0.495304
380 0.495292
381 0.495281
382 0.495269
383 0.495257
384 0.495245
385 0.495234
386 0.495222
387 0.49521
388 0.495198
389 0.495186
390 0.495173
391 0.495161
392 0.495149
393 0.495137
394 0.495124
395 0.495112
396 0.495099
397 0.495087
398 0.495074
399 0.495061
400 0.495049
401 0.495036
402 0.495023
403 0.49501
404 0.494997
405 0.494984
406 0.494971
407 0.494958
408 0.494944
409 0.494931
410 0.494918
411 0.494904
412 0.494891
413 0.494877
414 0.494863
415 0.494849
416 0.494836
417 0.494822
418 0.494808
419 0.494794
420 0.49478
421 0.494766
422 0.494751
423 0.494737
424 0.494723
425 0.494708
426 0.494694
427 0.494679
428 0.494664
429 0.494649
430 0.494635
431 0.49462
432 0.494605
433 0.49459
434 0.494574
435 0.494559
436 0.494544
437 0.494529
438 0.494513
439 0.494498
440 0.494482
441 0.494466
442 0.49445
443 0.494435
444 0.494419
445 0.494403
446 0.494386
447 0.49437
448 0.494354
449 0.494338
450 0.494321
451 0.494305
452 0.494288
453 0.494271
454 0.494254
455 0.494237
456 0.49422
457 0.494203
458 0.494186
459 0.494169
460 0.494152
461 0.494134
462 0.494117
463 0.494099
464 0.494081
465 0.494063
466 0.494046
467 0.494028
468 0.494009
469 0.493991
470 0.493973
471 0.493955
472 0.493936
473 0.493918
474 0.493899
475 0.49388
476 0.493861
477 0.493842
478 0.493823
479 0.493804
480 0.493785
481 0.493765
482 0.493746
483 0.493726
484 0.493706
485 0.493687
486 0.493667
487 0.493647
488 0.493626
489 0.493606
490 0.493586
491 0.493565
492 0.493545
493 0.493524
494 0.493503
495 0.493482
496 0.493461
497 0.49344
498 0.493419
499 0.493398
500 0.493376
501 0.493354
502 0.493333
503 0.493311
504 0.493289
505 0.493267
506 0.493245
507 0.493222
508 0.4932
509 0.493177
510 0.493155
511 0.493132
512 0.493109
513 0.493086
514 0.493062
515 0.493039
516 0.493016
517 0.492992
518 0.492968
519 0.492945
520 0.492921
521 0.492896
522 0.492872
523 0.492848
524 0.492823
525 0.492799
526 0.492774
527 0.492749
528 0.492724
529 0.492699
530 0.492673
531 0.492648
532 0.492622
533 0.492596
534 0.49257
535 0.492544
536 0.492518
537 0.492492
538 0.492465
539 0.492439
540 0.492412
541 0.492385
542 0.492358
543 0.49233
544 0.492303
545 0.492275
546 0.492248
547 0.49222
548 0.492192
549 0.492164
550 0.492135
551 0.492107
552 0.492078
553 0.492049
554 0.49202
555 0.491991
556 0.491962
557 0.491932
558 0.491902
559 0.491873
560 0.491843
561 0.491812
562 0.491782
563 0.491752
564 0.491721
565 0.49169
566 0.491659
567 0.491628
568 0.491596
569 0.491565
570 0.491533
571 0.491501
572 0.491469
573 0.491437
574 0.491404
575 0.491372
576 0.491339
577 0.491306
578 0.491272
579 0.491239
580 0.491205
581 0.491171
582 0.491137
583 0.491103
584 0.491069
585 0.491034
586 0.490999
587 0.490964
588 0.490929
589 0.490894
590 0.490858
591 0.490822
592 0.490786
593 0.49075
594 0.490714
595 0.490677
596 0.49064
597 0.490603
598 0.490566
599 0.490528
600 0.490491
601 0.490453
602 0.490415
603 0.490376
604 0.490338
605 0.490299
606 0.49026
607 0.490221
608 0.490181
609 0.490141
610 0.490101
611 0.490061
612 0.490021
613 0.48998
614 0.489939
615 0.489898
616 0.489857
617 0.489815
618 0.489773
619 0.489731
620 0.489689
621 0.489646
622 0.489603
623 0.48956
624 0.489517
625 0.489473
626 0.489429
627 0.489385
628 0.489341
629 0.489296
630 0.489251
631 0.489206
632 0.489161
633 0.489115
634 0.489069
635 0.489023
636 0.488977
637 0.48893
638 0.488883
639 0.488835
640 0.488788
641 0.48874
642 0.488692
643 0.488643
644 0.488595
645 0.488546
646 0.488496
647 0.488447
648 0.488397
649 0.488347
650 0.488296
651 0.488246
652 0.488195
653 0.488143
654 0.488092
655 0.48804
656 0.487987
657 0.487935
658 0.487882
659 0.487829
660 0.487775
661 0.487721
662 0.487667
663 0.487613
664 0.487558
665 0.487503
666 0.487447
667 0.487392
668 0.487336
669 0.487279
670 0.487222
671 0.487165
672 0.487108
673 0.48705
674 0.486992
675 0.486934
676 0.486875
677 0.486816
678 0.486756
679 0.486696
680 0.486636
681 0.486575
682 0.486515
683 0.486453
684 0.486392
685 0.48633
686 0.486267
687 0.486204
688 0.486141
689 0.486078
690 0.486014
691 0.48595
692 0.485885
693 0.48582
694 0.485755
695 0.485689
696 0.485623
697 0.485556
698 0.485489
699 0.485422
700 0.485354
701 0.485286
702 0.485217
703 0.485148
704 0.485079
705 0.485009
706 0.484939
707 0.484868
708 0.484797
709 0.484726
710 0.484654
711 0.484581
712 0.484509
713 0.484435
714 0.484362
715 0.484288
716 0.484213
717 0.484138
718 0.484063
719 0.483987
720 0.483911
721 0.483834
722 0.483757
723 0.483679
724 0.483601
725 0.483522
726 0.483443
727 0.483363
728 0.483283
729 0.483203
730 0.483122
731 0.48304
732 0.482958
733 0.482876
734 0.482793
735 0.48271
736 0.482626
737 0.482541
738 0.482456
739 0.482371
740 0.482285
741 0.482198
742 0.482111
743 0.482024
744 0.481936
745 0.481847
746 0.481758
747 0.481668
748 0.481578
749 0.481487
750 0.481396
751 0.481304
752 0.481212
753 0.481119
754 0.481026
755 0.480932
756 0.480837
757 0.480742
758 0.480646
759 0.48055
760 0.480453
761 0.480356
762 0.480258
763 0.480159
764 0.48006
765 0.47996
766 0.479859
767 0.479758
768 0.479657
769 0.479555
770 0.479452
771 0.479348
772 0.479244
773 0.47914
774 0.479034
775 0.478928
776 0.478822
777 0.478715
778 0.478607
779 0.478498
780 0.478389
781 0.478279
782 0.478169
783 0.478058
784 0.477946
785 0.477833
786 0.47772
787 0.477606
788 0.477492
789 0.477377
790 0.477261
791 0.477144
792 0.477027
793 0.476909
794 0.47679
795 0.476671
796 0.476551
797 0.47643
798 0.476309
799 0.476186
800 0.476063
801 0.47594
802 0.475815
803 0.47569
804 0.475564
805 0.475437
806 0.47531
807 0.475182
808 0.475053
809 0.474923
810 0.474793
811 0.474661
812 0.474529
813 0.474396
814 0.474263
815 0.474128
816 0.473993
817 0.473857
818 0.47372
819 0.473583
820 0.473444
821 0.473305
822 0.473165
823 0.473024
824 0.472882
825 0.472739
826 0.472596
827 0.472451
828 0.472306
829 0.47216
830 0.472013
831 0.471865
832 0.471717
833 0.471567
834 0.471417
835 0.471265
836 0.471113
837 0.47096
838 0.470806
839 0.470651
840 0.470495
841 0.470338
842 0.470181
843 0.470022
844 0.469863
845 0.469702
846 0.469541
847 0.469378
848 0.469215
849 0.469051
850 0.468885
851 0.468719
852 0.468552
853 0.468384
854 0.468215
855 0.468044
856 0.467873
857 0.467701
858 0.467528
859 0.467354
860 0.467179
861 0.467002
862 0.466825
863 0.466647
864 0.466468
865 0.466287
866 0.466106
867 0.465923
868 0.46574
869 0.465555
870 0.46537
871 0.465183
872 0.464995
873 0.464806
874 0.464616
875 0.464425
876 0.464233
877 0.46404
878 0.463845
879 0.46365
880 0.463453
881 0.463255
882 0.463056
883 0.462856
884 0.462655
885 0.462453
886 0.462249
887 0.462045
888 0.461839
889 0.461632
890 0.461424
891 0.461214
892 0.461004
893 0.460792
894 0.460579
895 0.460365
896 0.460149
897 0.459933
898 0.459715
899 0.459496
900 0.459275
901 0.459054
902 0.458831
903 0.458607
904 0.458381
905 0.458155
906 0.457927
907 0.457698
908 0.457467
909 0.457235
910 0.457002
911 0.456768
912 0.456532
913 0.456296
914 0.456057
915 0.455818
916 0.455577
917 0.455334
918 0.455091
919 0.454846
920 0.4546
921 0.454352
922 0.454103
923 0.453852
924 0.453601
925 0.453348
926 0.453093
927 0.452837
928 0.45258
929 0.452321
930 0.452061
931 0.451799
932 0.451536
933 0.451272
934 0.451006
935 0.450739
936 0.45047
937 0.4502
938 0.449928
939 0.449655
940 0.449381
941 0.449105
942 0.448827
943 0.448548
944 0.448268
945 0.447986
946 0.447703
947 0.447418
948 0.447131
949 0.446843
950 0.446554
951 0.446263
952 0.44597
953 0.445677
954 0.445381
955 0.445084
956 0.444785
957 0.444485
958 0.444183
959 0.44388
960 0.443575
961 0.443269
962 0.442961
963 0.442652
964 0.442341
965 0.442028
966 0.441714
967 0.441398
968 0.44108
969 0.440761
970 0.440441
971 0.440119
972 0.439795
973 0.439469
974 0.439142
975 0.438814
976 0.438484
977 0.438152
978 0.437818
979 0.437483
980 0.437147
981 0.436808
982 0.436468
983 0.436127
984 0.435783
985 0.435439
986 0.435092
987 0.434744
988 0.434394
989 0.434043
990 0.43369
991 0.433335
992 0.432979
993 0.432621
994 0.432262
995 0.4319
996 0.431538
997 0.431173
998 0.430807
999 0.430439
1000 0.43007
1001 0.429699
1002 0.429326
1003 0.428952
1004 0.428576
1005 0.428199
1006 0.42782
1007 0.427439
1008 0.427057
1009 0.426673
1010 0.426287
1011 0.4259
1012 0.425511
1013 0.425121
1014 0.424729
1015 0.424335
1016 0.42394
1017 0.423543
1018 0.423145
1019 0.422745
1020 0.422344
1021 0.421941
1022 0.421537
1023 0.42113
1024 0.420723
1025 0.420314
1026 0.419903
1027 0.419491
1028 0.419077
1029 0.418662
1030 0.418246
1031 0.417828
1032 0.417408
1033 0.416987
1034 0.416565
1035 0.416141
1036 0.415715
1037 0.415289
1038 0.414861
1039 0.414431
1040 0.414
1041 0.413568
1042 0.413134
1043 0.4127
1044 0.412263
1045 0.411826
1046 0.411387
1047 0.410947
1048 0.410505
1049 0.410063
1050 0.409619
1051 0.409174
1052 0.408728
1053 0.40828
1054 0.407831
1055 0.407382
1056 0.406931
1057 0.406479
1058 0.406025
1059 0.405571
1060 0.405116
1061 0.40466
1062 0.404202
1063 0.403744
1064 0.403285
1065 0.402824
1066 0.402363
1067 0.401901
1068 0.401438
1069 0.400974
1070 0.400509
1071 0.400044
1072 0.399577
1073 0.39911
1074 0.398642
1075 0.398174
1076 0.397704
1077 0.397234
1078 0.396763
1079 0.396292
1080 0.39582
1081 0.395348
1082 0.394874
1083 0.394401
1084 0.393927
1085 0.393452
1086 0.392977
1087 0.392501
1088 0.392026
1089 0.391549
1090 0.391073
1091 0.390596
1092 0.390118
1093 0.389641
1094 0.389163
1095 0.388685
1096 0.388207
1097 0.387729
1098 0.38725
1099 0.386772
1100 0.386293
1101 0.385815
1102 0.385336
1103 0.384858
1104 0.384379
1105 0.383901
1106 0.383422
1107 0.382944
1108 0.382466
1109 0.381988
1110 0.381511
1111 0.381034
1112 0.380556
1113 0.38008
1114 0.379603
1115 0.379127
1116 0.378652
1117 0.378177
1118 0.377702
1119 0.377228
1120 0.376754
1121 0.376281
1122 0.375808
1123 0.375336
1124 0.374865
1125 0.374394
1126 0.373924
1127 0.373455
1128 0.372987
1129 0.372519
1130 0.372052
1131 0.371586
1132 0.37112
1133 0.370656
1134 0.370193
1135 0.36973
1136 0.369268
1137 0.368808
1138 0.368348
1139 0.36789
1140 0.367432
1141 0.366976
1142 0.36652
1143 0.366066
1144 0.365613
1145 0.365161
1146 0.36471
1147 0.364261
1148 0.363813
1149 0.363366
1150 0.36292
1151 0.362476
1152 0.362033
1153 0.361591
1154 0.36115
1155 0.360712
1156 0.360274
1157 0.359838
1158 0.359403
1159 0.35897
1160 0.358538
1161 0.358108
1162 0.357679
1163 0.357252
1164 0.356826
1165 0.356402
1166 0.355979
1167 0.355558
1168 0.355139
1169 0.354721
1170 0.354305
1171 0.35389
1172 0.353477
1173 0.353066
1174 0.352657
1175 0.352249
1176 0.351843
1177 0.351438
1178 0.351035
1179 0.350634
1180 0.350235
1181 0.349837
1182 0.349441
1183 0.349047
1184 0.348655
1185 0.348264
1186 0.347876
1187 0.347489
1188 0.347103
1189 0.34672
1190 0.346338
1191 0.345959
1192 0.345581
1193 0.345204
1194 0.34483
1195 0.344457
1196 0.344087
1197 0.343718
1198 0.34335
1199 0.342985
1200 0.342622
1201 0.34226
1202 0.3419
1203 0.341542
1204 0.341186
1205 0.340832
1206 0.340479
1207 0.340128
1208 0.339779
1209 0.339432
1210 0.339087
1211 0.338744
1212 0.338402
1213 0.338062
1214 0.337724
1215 0.337388
1216 0.337054
1217 0.336721
1218 0.33639
1219 0.336061
1220 0.335734
1221 0.335409
1222 0.335085
1223 0.334763
1224 0.334443
1225 0.334125
1226 0.333808
1227 0.333493
1228 0.33318
1229 0.332869
1230 0.332559
1231 0.332252
1232 0.331945
1233 0.331641
1234 0.331338
1235 0.331037
1236 0.330738
1237 0.33044
1238 0.330144
1239 0.32985
1240 0.329557
1241 0.329266
1242 0.328977
1243 0.328689
1244 0.328403
1245 0.328119
1246 0.327836
1247 0.327555
1248 0.327275
1249 0.326997
1250 0.326721
1251 0.326446
1252 0.326173
1253 0.325901
1254 0.325631
1255 0.325362
1256 0.325095
1257 0.324829
1258 0.324565
1259 0.324303
1260 0.324042
1261 0.323782
1262 0.323524
1263 0.323267
1264 0.323012
1265 0.322759
1266 0.322506
1267 0.322256
1268 0.322006
1269 0.321758
1270 0.321512
1271 0.321267
1272 0.321023
1273 0.320781
1274 0.32054
1275 0.3203
1276 0.320062
1277 0.319825
1278 0.319589
1279 0.319355
1280 0.319122
1281 0.31889
1282 0.31866
1283 0.318431
1284 0.318203
1285 0.317977
1286 0.317752
1287 0.317528
1288 0.317305
1289 0.317084
1290 0.316864
1291 0.316645
1292 0.316427
1293 0.31621
1294 0.315995
1295 0.315781
1296 0.315568
1297 0.315356
1298 0.315146
1299 0.314936
1300 0.314728
1301 0.314521
1302 0.314315
1303 0.31411
1304 0.313906
1305 0.313704
1306 0.313502
1307 0.313302
1308 0.313102
1309 0.312904
1310 0.312707
1311 0.312511
1312 0.312316
1313 0.312122
1314 0.311929
1315 0.311737
1316 0.311546
1317 0.311356
1318 0.311168
1319 0.31098
1320 0.310793
1321 0.310607
1322 0.310422
1323 0.310239
1324 0.310056
1325 0.309874
1326 0.309693
1327 0.309513
1328 0.309334
1329 0.309156
1330 0.308979
1331 0.308803
1332 0.308627
1333 0.308453
1334 0.30828
1335 0.308107
1336 0.307936
1337 0.307765
1338 0.307595
1339 0.307426
1340 0.307258
1341 0.307091
1342 0.306925
1343 0.306759
1344 0.306594
1345 0.306431
1346 0.306268
1347 0.306106
1348 0.305944
1349 0.305784
1350 0.305624
1351 0.305466
1352 0.305308
1353 0.30515
1354 0.304994
1355 0.304839
1356 0.304684
1357 0.30453
1358 0.304377
1359 0.304224
1360 0.304072
1361 0.303922
1362 0.303771
1363 0.303622
1364 0.303473
1365 0.303326
1366 0.303178
1367 0.303032
1368 0.302886
1369 0.302741
1370 0.302597
1371 0.302454
1372 0.302311
1373 0.302169
1374 0.302027
1375 0.301887
1376 0.301747
1377 0.301608
1378 0.301469
1379 0.301331
1380 0.301194
1381 0.301057
1382 0.300921
1383 0.300786
1384 0.300652
1385 0.300518
1386 0.300385
1387 0.300252
1388 0.30012
1389 0.299989
1390 0.299858
1391 0.299728
1392 0.299599
1393 0.29947
1394 0.299342
1395 0.299215
1396 0.299088
1397 0.298962
1398 0.298836
1399 0.298711
1400 0.298587
1401 0.298463
1402 0.29834
1403 0.298217
1404 0.298095
1405 0.297973
1406 0.297853
1407 0.297732
1408 0.297613
1409 0.297494
1410 0.297375
1411 0.297257
1412 0.29714
1413 0.297023
1414 0.296906
1415 0.296791
1416 0.296675
1417 0.296561
1418 0.296447
1419 0.296333
1420 0.29622
1421 0.296107
1422 0.295996
1423 0.295884
1424 0.295773
1425 0.295663
1426 0.295553
1427 0.295444
1428 0.295335
1429 0.295226
1430 0.295118
1431 0.295011
1432 0.294904
1433 0.294798
1434 0.294692
1435 0.294587
1436 0.294482
1437 0.294378
1438 0.294274
1439 0.29417
1440 0.294067
1441 0.293965
1442 0.293863
1443 0.293761
1444 0.29366
1445 0.29356
1446 0.293459
1447 0.29336
1448 0.293261
1449 0.293162
1450 0.293063
1451 0.292965
1452 0.292868
1453 0.292771
1454 0.292674
1455 0.292578
1456 0.292483
1457 0.292387
1458 0.292292
1459 0.292198
1460 0.292104
1461 0.29201
1462 0.291917
1463 0.291824
1464 0.291732
1465 0.29164
1466 0.291549
1467 0.291457
1468 0.291367
1469 0.291276
1470 0.291186
1471 0.291097
1472 0.291008
1473 0.290919
1474 0.29083
1475 0.290742
1476 0.290655
1477 0.290567
1478 0.290481
1479 0.290394
1480 0.290308
1481 0.290222
1482 0.290137
1483 0.290051
1484 0.289967
1485 0.289882
1486 0.289798
1487 0.289715
1488 0.289631
1489 0.289548
1490 0.289466
1491 0.289383
1492 0.289302
1493 0.28922
1494 0.289139
1495 0.289058
1496 0.288977
1497 0.288897
1498 0.288817
1499 0.288737
1500 0.288658
1501 0.288579
1502 0.2885
1503 0.288422
1504 0.288344
1505 0.288266
1506 0.288188
1507 0.288111
1508 0.288034
1509 0.287958
1510 0.287881
1511 0.287805
1512 0.28773
1513 0.287654
1514 0.287579
1515 0.287504
1516 0.28743
1517 0.287356
1518 0.287282
1519 0.287208
1520 0.287134
1521 0.287061
1522 0.286988
1523 0.286916
1524 0.286843
1525 0.286771
1526 0.286699
1527 0.286628
1528 0.286556
1529 0.286485
1530 0.286414
1531 0.286344
1532 0.286273
1533 0.286203
1534 0.286133
1535 0.286064
1536 0.285994
1537 0.285925
1538 0.285856
1539 0.285788
1540 0.285719
1541 0.285651
1542 0.285583
1543 0.285515
1544 0.285448
1545 0.28538
1546 0.285313
1547 0.285246
1548 0.28518
1549 0.285113
1550 0.285047
1551 0.284981
1552 0.284915
1553 0.284849
1554 0.284784
1555 0.284718
1556 0.284653
1557 0.284589
1558 0.284524
1559 0.284459
1560 0.284395
1561 0.284331
1562 0.284267
1563 0.284203
1564 0.28414
1565 0.284076
1566 0.284013
1567 0.28395
1568 0.283887
1569 0.283825
1570 0.283762
1571 0.2837
1572 0.283638
1573 0.283576
1574 0.283514
1575 0.283452
1576 0.28339
1577 0.283329
1578 0.283268
1579 0.283207
1580 0.283146
1581 0.283085
1582 0.283024
1583 0.282964
1584 0.282904
1585 0.282843
1586 0.282783
1587 0.282723
1588 0.282664
1589 0.282604
1590 0.282544
1591 0.282485
1592 0.282426
1593 0.282366
1594 0.282307
1595 0.282249
1596 0.28219
1597 0.282131
1598 0.282073
1599 0.282014
1600 0.281956
1601 0.281898
1602 0.281839
1603 0.281781
1604 0.281724
1605 0.281666
1606 0.281608
1607 0.28155
1608 0.281493
1609 0.281436
1610 0.281378
1611 0.281321
1612 0.281264
1613 0.281207
1614 0.28115
1615 0.281093
1616 0.281036
1617 0.280979
1618 0.280923
1619 0.280866
1620 0.28081
1621 0.280753
1622 0.280697
1623 0.280641
1624 0.280585
1625 0.280528
1626 0.280472
1627 0.280416
1628 0.28036
1629 0.280304
1630 0.280249
1631 0.280193
1632 0.280137
1633 0.280081
1634 0.280026
1635 0.27997
1636 0.279915
1637 0.279859
1638 0.279803
1639 0.279748
1640 0.279693
1641 0.279637
1642 0.279582
1643 0.279527
1644 0.279471
1645 0.279416
1646 0.279361
1647 0.279306
1648 0.27925
1649 0.279195
1650 0.27914
1651 0.279085
1652 0.27903
1653 0.278974
1654 0.278919
1655 0.278864
1656 0.278809
1657 0.278754
1658 0.278699
1659 0.278643
1660 0.278588
1661 0.278533
1662 0.278478
1663 0.278423
1664 0.278367
1665 0.278312
1666 0.278257
1667 0.278202
1668 0.278146
1669 0.278091
1670 0.278035
1671 0.27798
1672 0.277925
1673 0.277869
1674 0.277813
1675 0.277758
1676 0.277702
1677 0.277647
1678 0.277591
1679 0.277535
1680 0.277479
1681 0.277423
1682 0.277367
1683 0.277311
1684 0.277255
1685 0.277199
1686 0.277142
1687 0.277086
1688 0.27703
1689 0.276973
1690 0.276916
1691 0.27686
1692 0.276803
1693 0.276746
1694 0.276689
1695 0.276632
1696 0.276574
1697 0.276517
1698 0.27646
1699 0.276402
1700 0.276344
1701 0.276286
1702 0.276228
1703 0.27617
1704 0.276112
1705 0.276054
1706 0.275995
1707 0.275937
1708 0.275878
1709 0.275819
1710 0.27576
1711 0.2757
1712 0.275641
1713 0.275581
1714 0.275521
1715 0.275461
1716 0.275401
1717 0.275341
1718 0.27528
1719 0.275219
1720 0.275158
1721 0.275097
1722 0.275036
1723 0.274974
1724 0.274912
1725 0.27485
1726 0.274788
1727 0.274726
1728 0.274663
1729 0.2746
1730 0.274536
1731 0.274473
1732 0.274409
1733 0.274345
1734 0.274281
1735 0.274216
1736 0.274151
1737 0.274086
1738 0.27402
1739 0.273955
1740 0.273888
1741 0.273822
1742 0.273755
1743 0.273688
1744 0.273621
1745 0.273553
1746 0.273485
1747 0.273416
1748 0.273347
1749 0.273278
1750 0.273208
1751 0.273138
1752 0.273068
1753 0.272997
1754 0.272926
1755 0.272854
1756 0.272782
1757 0.272709
1758 0.272636
1759 0.272563
1760 0.272489
1761 0.272414
1762 0.272339
1763 0.272264
1764 0.272188
1765 0.272112
1766 0.272035
1767 0.271957
1768 0.271879
1769 0.271801
1770 0.271721
1771 0.271642
1772 0.271561
1773 0.27148
1774 0.271399
1775 0.271317
1776 0.271234
1777 0.27115
1778 0.271066
1779 0.270981
1780 0.270896
1781 0.270809
1782 0.270722
1783 0.270635
1784 0.270546
1785 0.270457
1786 0.270367
1787 0.270276
1788 0.270184
1789 0.270092
1790 0.269999
1791 0.269904
1792 0.269809
1793 0.269713
1794 0.269617
1795 0.269519
1796 0.26942
1797 0.26932
1798 0.26922
1799 0.269118
1800 0.269015
1801 0.268911
1802 0.268806
1803 0.2687
1804 0.268593
1805 0.268485
1806 0.268376
1807 0.268265
1808 0.268153
1809 0.26804
1810 0.267926
1811 0.26781
1812 0.267693
1813 0.267575
1814 0.267456
1815 0.267335
1816 0.267212
1817 0.267088
1818 0.266963
1819 0.266836
1820 0.266708
1821 0.266578
1822 0.266446
1823 0.266313
1824 0.266178
1825 0.266042
1826 0.265903
1827 0.265763
1828 0.265621
1829 0.265478
1830 0.265332
1831 0.265185
1832 0.265035
1833 0.264884
1834 0.26473
1835 0.264575
1836 0.264417
1837 0.264257
1838 0.264095
1839 0.263931
1840 0.263764
1841 0.263595
1842 0.263424
1843 0.26325
1844 0.263074
1845 0.262895
1846 0.262714
1847 0.26253
1848 0.262343
1849 0.262154
1850 0.261962
1851 0.261767
1852 0.261569
1853 0.261368
1854 0.261165
1855 0.260958
1856 0.260748
1857 0.260535
1858 0.260318
1859 0.260099
1860 0.259876
1861 0.259649
1862 0.259419
1863 0.259186
1864 0.258949
1865 0.258708
1866 0.258463
1867 0.258215
1868 0.257963
1869 0.257707
1870 0.257447
1871 0.257183
1872 0.256914
1873 0.256642
1874 0.256365
1875 0.256084
1876 0.255798
1877 0.255508
1878 0.255213
1879 0.254914
1880 0.25461
1881 0.254301
1882 0.253988
1883 0.253669
1884 0.253345
1885 0.253017
1886 0.252683
1887 0.252344
1888 0.252
1889 0.25165
1890 0.251295
1891 0.250934
1892 0.250568
1893 0.250196
1894 0.249818
1895 0.249435
1896 0.249045
1897 0.24865
1898 0.248248
1899 0.247841
1900 0.247427
1901 0.247008
1902 0.246581
1903 0.246149
1904 0.24571
1905 0.245265
1906 0.244813
1907 0.244354
1908 0.243889
1909 0.243417
1910 0.242938
1911 0.242452
1912 0.241959
1913 0.24146
1914 0.240953
1915 0.240439
1916 0.239918
1917 0.23939
1918 0.238855
1919 0.238312
1920 0.237762
1921 0.237204
1922 0.23664
1923 0.236067
1924 0.235487
1925 0.2349
1926 0.234305
1927 0.233702
1928 0.233092
1929 0.232474
1930 0.231849
1931 0.231215
1932 0.230574
1933 0.229925
1934 0.229268
1935 0.228604
1936 0.227931
1937 0.227251
1938 0.226563
1939 0.225867
1940 0.225163
1941 0.224452
1942 0.223732
1943 0.223005
1944 0.222269
1945 0.221526
1946 0.220775
1947 0.220017
1948 0.21925
1949 0.218476
1950 0.217694
1951 0.216904
1952 0.216107
1953 0.215301
1954 0.214489
1955 0.213669
1956 0.212841
1957 0.212006
1958 0.211163
1959 0.210313
1960 0.209456
1961 0.208591
1962 0.20772
1963 0.206841
1964 0.205955
1965 0.205063
1966 0.204164
1967 0.203257
1968 0.202345
1969 0.201426
1970 0.2005
1971 0.199568
1972 0.19863
1973 0.197685
1974 0.196735
1975 0.195779
1976 0.194817
1977 0.19385
1978 0.192877
1979 0.191899
1980 0.190916
1981 0.189927
1982 0.188934
1983 0.187936
1984 0.186934
1985 0.185927
1986 0.184916
1987 0.183901
1988 0.182882
1989 0.181859
1990 0.180833
1991 0.179803
1992 0.178771
1993 0.177735
1994 0.176696
1995 0.175655
1996 0.174611
1997 0.173565
1998 0.172517
1999 0.171468
2000 0.170416
2001 0.169363
2002 0.168309
2003 0.167253
2004 0.166197
2005 0.16514
2006 0.164083
2007 0.163025
2008 0.161967
2009 0.160909
2010 0.159852
2011 0.158795
2012 0.157738
2013 0.156683
2014 0.155628
2015 0.154575
2016 0.153523
2017 0.152473
2018 0.151425
2019 0.150378
2020 0.149334
2021 0.148292
2022 0.147252
2023 0.146215
2024 0.145181
2025 0.14415
2026 0.143122
2027 0.142097
2028 0.141076
2029 0.140058
2030 0.139044
2031 0.138034
2032 0.137028
2033 0.136026
2034 0.135029
2035 0.134035
2036 0.133047
2037 0.132063
2038 0.131083
2039 0.130109
2040 0.12914
2041 0.128175
2042 0.127216
2043 0.126262
2044 0.125314
2045 0.124371
2046 0.123433
2047 0.122502
2048 0.121576
2049 0.120655
2050 0.119741
2051 0.118832
2052 0.11793
2053 0.117033
2054 0.116143
2055 0.115259
2056 0.11438
2057 0.113509
2058 0.112643
2059 0.111784
2060 0.110931
2061 0.110084
2062 0.109244
2063 0.108411
2064 0.107583
2065 0.106763
2066 0.105948
2067 0.105141
2068 0.10434
2069 0.103545
2070 0.102757
2071 0.101975
2072 0.1012
2073 0.100431
2074 0.0996695
2075 0.098914
2076 0.0981651
2077 0.0974226
2078 0.0966867
2079 0.0959572
2080 0.0952342
2081 0.0945176
2082 0.0938075
2083 0.0931038
2084 0.0924065
2085 0.0917155
2086 0.0910309
2087 0.0903525
2088 0.0896805
2089 0.0890147
2090 0.0883551
2091 0.0877017
2092 0.0870544
2093 0.0864133
2094 0.0857782
2095 0.0851492
2096 0.0845262
2097 0.0839092
2098 0.0832981
2099 0.0826928
2100 0.0820935
2101 0.0814999
2102 0.0809121
2103 0.0803301
2104 0.0797537
2105 0.0791829
2106 0.0786178
2107 0.0780582
2108 0.0775041
2109 0.0769554
2110 0.0764122
2111 0.0758743
2112 0.0753418
2113 0.0748145
2114 0.0742924
2115 0.0737756
2116 0.0732639
2117 0.0727572
2118 0.0722556
2119 0.071759
2120 0.0712674
2121 0.0707806
2122 0.0702987
2123 0.0698216
2124 0.0693493
2125 0.0688816
2126 0.0684187
2127 0.0679603
2128 0.0675066
2129 0.0670573
2130 0.0666125
2131 0.0661722
2132 0.0657362
2133 0.0653046
2134 0.0648773
2135 0.0644543
2136 0.0640354
2137 0.0636207
2138 0.0632101
2139 0.0628036
2140 0.0624011
2141 0.0620026
2142 0.0616081
2143 0.0612174
2144 0.0608306
2145 0.0604476
2146 0.0600684
2147 0.0596929
2148 0.0593211
2149 0.0589529
2150 0.0585884
2151 0.0582274
2152 0.0578699
2153 0.0575159
2154 0.0571654
2155 0.0568182
2156 0.0564745
2157 0.056134
2158 0.0557969
2159 0.055463
2160 0.0551323
2161 0.0548048
2162 0.0544804
2163 0.0541592
2164 0.053841
2165 0.0535258
2166 0.0532137
2167 0.0529045
2168 0.0525982
2169 0.0522949
2170 0.0519944
2171 0.0516967
2172 0.0514018
2173 0.0511097
2174 0.0508203
2175 0.0505337
2176 0.0502496
2177 0.0499683
2178 0.0496895
2179 0.0494133
2180 0.0491397
2181 0.0488686
2182 0.0485999
2183 0.0483338
2184 0.04807
2185 0.0478087
2186 0.0475497
2187 0.0472931
2188 0.0470388
2189 0.0467868
2190 0.046537
2191 0.0462895
2192 0.0460442
2193 0.0458011
2194 0.0455602
2195 0.0453214
2196 0.0450847
2197 0.0448501
2198 0.0446175
2199 0.044387
2200 0.0441585
2201 0.0439321
2202 0.0437075
2203 0.043485
2204 0.0432643
2205 0.0430456
2206 0.0428287
2207 0.0426137
2208 0.0424006
2209 0.0421892
2210 0.0419797
2211 0.0417719
2212 0.0415659
2213 0.0413616
2214 0.0411591
2215 0.0409582
2216 0.040759
2217 0.0405615
2218 0.0403656
2219 0.0401714
2220 0.0399787
2221 0.0397876
2222 0.0395981
2223 0.0394102
2224 0.0392238
2225 0.0390389
2226 0.0388555
2227 0.0386736
2228 0.0384931
2229 0.0383142
2230 0.0381366
2231 0.0379605
2232 0.0377857
2233 0.0376124
2234 0.0374404
2235 0.0372698
2236 0.0371005
2237 0.0369326
2238 0.0367659
2239 0.0366006
2240 0.0364366
2241 0.0362738
2242 0.0361123
2243 0.035952
2244 0.035793
2245 0.0356352
2246 0.0354786
2247 0.0353232
2248 0.0351689
2249 0.0350159
2250 0.0348639
2251 0.0347132
2252 0.0345635
2253 0.034415
2254 0.0342676
2255 0.0341213
2256 0.0339761
2257 0.0338319
2258 0.0336888
2259 0.0335468
2260 0.0334058
2261 0.0332658
2262 0.0331268
2263 0.0329889
2264 0.0328519
2265 0.032716
2266 0.032581
2267 0.032447
2268 0.032314
2269 0.0321818
2270 0.0320507
2271 0.0319205
2272 0.0317911
2273 0.0316627
2274 0.0315352
2275 0.0314086
2276 0.0312829
2277 0.0311581
2278 0.0310341
2279 0.030911
2280 0.0307887
2281 0.0306673
2282 0.0305467
2283 0.0304269
2284 0.030308
2285 0.0301898
2286 0.0300725
2287 0.029956
2288 0.0298402
2289 0.0297252
2290 0.029611
2291 0.0294976
2292 0.0293849
2293 0.0292729
2294 0.0291618
2295 0.0290513
2296 0.0289416
2297 0.0288326
2298 0.0287243
2299 0.0286167
2300 0.0285098
2301 0.0284036
2302 0.0282981
2303 0.0281933
2304 0.0280892
2305 0.0279857
2306 0.0278829
2307 0.0277807
2308 0.0276793
2309 0.0275784
2310 0.0274782
2311 0.0273786
2312 0.0272797
2313 0.0271813
2314 0.0270836
2315 0.0269865
2316 0.0268901
2317 0.0267942
2318 0.0266989
2319 0.0266042
2320 0.0265101
2321 0.0264165
2322 0.0263236
2323 0.0262312
2324 0.0261393
2325 0.0260481
2326 0.0259574
2327 0.0258672
2328 0.0257776
2329 0.0256885
2330 0.0255999
2331 0.0255119
2332 0.0254245
2333 0.0253375
2334 0.025251
2335 0.0251651
2336 0.0250797
2337 0.0249948
2338 0.0249104
2339 0.0248264
2340 0.024743
2341 0.0246601
2342 0.0245776
2343 0.0244956
2344 0.0244141
2345 0.0243331
2346 0.0242525
2347 0.0241725
2348 0.0240928
2349 0.0240136
2350 0.0239349
2351 0.0238566
2352 0.0237788
2353 0.0237014
2354 0.0236245
2355 0.0235479
2356 0.0234718
2357 0.0233962
2358 0.023321
2359 0.0232461
2360 0.0231717
2361 0.0230978
2362 0.0230242
2363 0.022951
2364 0.0228783
2365 0.0228059
2366 0.0227339
2367 0.0226624
2368 0.0225912
2369 0.0225204
2370 0.02245
2371 0.02238
2372 0.0223104
2373 0.0222411
2374 0.0221722
2375 0.0221037
2376 0.0220356
2377 0.0219678
2378 0.0219004
2379 0.0218333
2380 0.0217666
2381 0.0217002
2382 0.0216343
2383 0.0215686
2384 0.0215033
2385 0.0214383
2386 0.0213737
2387 0.0213095
2388 0.0212455
2389 0.0211819
2390 0.0211186
2391 0.0210557
2392 0.0209931
2393 0.0209308
2394 0.0208688
2395 0.0208071
2396 0.0207458
2397 0.0206847
2398 0.020624
2399 0.0205636
2400 0.0205035
2401 0.0204437
2402 0.0203842
2403 0.0203251
2404 0.0202662
2405 0.0202076
2406 0.0201493
2407 0.0200913
2408 0.0200335
2409 0.0199761
2410 0.019919
2411 0.0198621
2412 0.0198055
2413 0.0197492
2414 0.0196932
2415 0.0196375
2416 0.019582
2417 0.0195268
2418 0.0194719
2419 0.0194172
2420 0.0193628
2421 0.0193087
2422 0.0192548
2423 0.0192012
2424 0.0191479
2425 0.0190948
2426 0.019042
2427 0.0189894
2428 0.0189371
2429 0.018885
2430 0.0188332
2431 0.0187816
2432 0.0187303
2433 0.0186792
2434 0.0186283
2435 0.0185777
2436 0.0185274
2437 0.0184772
2438 0.0184273
2439 0.0183777
2440 0.0183283
2441 0.0182791
2442 0.0182301
2443 0.0181814
2444 0.0181328
2445 0.0180846
2446 0.0180365
2447 0.0179887
2448 0.017941
2449 0.0178936
2450 0.0178464
2451 0.0177995
2452 0.0177527
2453 0.0177062
2454 0.0176598
2455 0.0176137
2456 0.0175678
2457 0.0175221
2458 0.0174766
2459 0.0174313
2460 0.0173862
2461 0.0173414
2462 0.0172967
2463 0.0172522
2464 0.0172079
2465 0.0171638
2466 0.0171199
2467 0.0170762
2468 0.0170327
2469 0.0169894
2470 0.0169463
2471 0.0169034
2472 0.0168607
2473 0.0168181
2474 0.0167757
2475 0.0167336
2476 0.0166916
2477 0.0166498
2478 0.0166081
2479 0.0165667
2480 0.0165254
2481 0.0164843
2482 0.0164434
2483 0.0164027
2484 0.0163621
2485 0.0163217
2486 0.0162815
2487 0.0162415
2488 0.0162016
2489 0.0161619
2490 0.0161224
2491 0.016083
2492 0.0160438
2493 0.0160048
2494 0.0159659
2495 0.0159272
2496 0.0158887
2497 0.0158503
2498 0.0158121
2499 0.015774
2500 0.0157361
2501 0.0156984
2502 0.0156608
2503 0.0156234
2504 0.0155861
2505 0.015549
2506 0.015512
2507 0.0154752
2508 0.0154386
2509 0.0154021
2510 0.0153657
2511 0.0153295
2512 0.0152934
2513 0.0152575
2514 0.0152218
2515 0.0151862
2516 0.0151507
2517 0.0151153
2518 0.0150802
2519 0.0150451
2520 0.0150102
2521 0.0149754
2522 0.0149408
2523 0.0149063
2524 0.014872
2525 0.0148378
2526 0.0148037
2527 0.0147698
2528 0.014736
2529 0.0147023
2530 0.0146688
2531 0.0146354
2532 0.0146021
2533 0.014569
2534 0.014536
2535 0.0145031
2536 0.0144704
2537 0.0144377
2538 0.0144052
2539 0.0143729
2540 0.0143406
2541 0.0143085
2542 0.0142765
2543 0.0142447
2544 0.0142129
2545 0.0141813
2546 0.0141498
2547 0.0141185
2548 0.0140872
2549 0.0140561
2550 0.0140251
2551 0.0139942
2552 0.0139634
2553 0.0139327
2554 0.0139022
2555 0.0138718
2556 0.0138415
2557 0.0138113
2558 0.0137812
2559 0.0137512
2560 0.0137214
2561 0.0136917
2562 0.013662
2563 0.0136325
2564 0.0136031
2565 0.0135738
2566 0.0135446
2567 0.0135156
2568 0.0134866
2569 0.0134577
2570 0.013429
2571 0.0134003
2572 0.0133718
2573 0.0133434
2574 0.013315
2575 0.0132868
2576 0.0132587
2577 0.0132307
2578 0.0132027
2579 0.0131749
2580 0.0131472
2581 0.0131196
2582 0.0130921
2583 0.0130647
2584 0.0130374
2585 0.0130102
2586 0.0129831
2587 0.0129561
2588 0.0129291
2589 0.0129023
2590 0.0128756
2591 0.012849
2592 0.0128225
2593 0.012796
2594 0.0127697
2595 0.0127434
2596 0.0127173
2597 0.0126912
2598 0.0126653
2599 0.0126394
2600 0.0126136
2601 0.0125879
2602 0.0125623
2603 0.0125368
2604 0.0125114
2605 0.0124861
2606 0.0124608
2607 0.0124357
2608 0.0124106
2609 0.0123856
2610 0.0123607
2611 0.0123359
2612 0.0123112
2613 0.0122866
2614 0.0122621
2615 0.0122376
2616 0.0122132
2617 0.0121889
2618 0.0121647
2619 0.0121406
2620 0.0121166
2621 0.0120926
2622 0.0120687
2623 0.012045
2624 0.0120212
2625 0.0119976
2626 0.0119741
2627 0.0119506
2628 0.0119272
2629 0.0119039
2630 0.0118807
2631 0.0118575
2632 0.0118344
2633 0.0118115
2634 0.0117885
2635 0.0117657
2636 0.0117429
2637 0.0117202
2638 0.0116976
2639 0.0116751
2640 0.0116526
2641 0.0116303
2642 0.0116079
2643 0.0115857
2644 0.0115636
2645 0.0115415
2646 0.0115194
2647 0.0114975
2648 0.0114756
2649 0.0114538
2650 0.0114321
2651 0.0114105
2652 0.0113889
2653 0.0113674
2654 0.0113459
2655 0.0113246
2656 0.0113033
2657 0.011282
2658 0.0112609
2659 0.0112398
2660 0.0112187
2661 0.0111978
2662 0.0111769
2663 0.0111561
2664 0.0111353
2665 0.0111146
2666 0.011094
2667 0.0110735
2668 0.011053
2669 0.0110326
2670 0.0110122
2671 0.0109919
2672 0.0109717
2673 0.0109515
2674 0.0109314
2675 0.0109114
2676 0.0108914
2677 0.0108715
2678 0.0108517
2679 0.0108319
2680 0.0108122
2681 0.0107925
2682 0.0107729
2683 0.0107534
2684 0.010734
2685 0.0107145
2686 0.0106952
2687 0.0106759
2688 0.0106567
2689 0.0106375
2690 0.0106184
2691 0.0105994
2692 0.0105804
2693 0.0105615
2694 0.0105426
2695 0.0105238
2696 0.010505
2697 0.0104863
2698 0.0104677
2699 0.0104491
2700 0.0104306
2701 0.0104121
2702 0.0103937
2703 0.0103754
2704 0.0103571
2705 0.0103388
2706 0.0103206
2707 0.0103025
2708 0.0102844
2709 0.0102664
2710 0.0102485
2711 0.0102305
2712 0.0102127
2713 0.0101949
2714 0.0101771
2715 0.0101595
2716 0.0101418
2717 0.0101242
2718 0.0101067
2719 0.0100892
2720 0.0100718
2721 0.0100544
2722 0.0100371
2723 0.0100198
2724 0.0100026
2725 0.00998542
2726 0.0099683
2727 0.00995123
2728 0.00993422
2729 0.00991725
2730 0.00990034
2731 0.00988347
2732 0.00986665
2733 0.00984989
2734 0.00983317
2735 0.0098165
2736 0.00979988
2737 0.00978331
2738 0.00976679
2739 0.00975032
2740 0.00973389
2741 0.00971752
2742 0.00970119
2743 0.00968491
2744 0.00966867
2745 0.00965248
2746 0.00963635
2747 0.00962025
2748 0.00960421
2749 0.00958821
2750 0.00957225
2751 0.00955634
2752 0.00954048
2753 0.00952467
2754 0.00950889
2755 0.00949317
2756 0.00947749
2757 0.00946185
2758 0.00944626
2759 0.00943072
2760 0.00941521
2761 0.00939976
2762 0.00938434
2763 0.00936897
2764 0.00935365
2765 0.00933836
2766 0.00932312
2767 0.00930793
2768 0.00929277
2769 0.00927766
2770 0.0092626
2771 0.00924757
2772 0.00923259
2773 0.00921765
2774 0.00920275
2775 0.00918789
2776 0.00917307
2777 0.0091583
2778 0.00914356
2779 0.00912887
2780 0.00911422
2781 0.00909961
2782 0.00908504
2783 0.00907051
2784 0.00905602
2785 0.00904157
2786 0.00902716
2787 0.00901279
2788 0.00899846
2789 0.00898417
2790 0.00896992
2791 0.00895571
2792 0.00894154
2793 0.0089274
2794 0.00891331
2795 0.00889925
2796 0.00888523
2797 0.00887125
2798 0.00885731
2799 0.00884341
2800 0.00882954
2801 0.00881571
2802 0.00880192
2803 0.00878817
2804 0.00877445
2805 0.00876077
2806 0.00874713
2807 0.00873353
2808 0.00871996
2809 0.00870643
2810 0.00869293
2811 0.00867947
2812 0.00866605
2813 0.00865266
2814 0.00863931
2815 0.00862599
2816 0.00861271
2817 0.00859947
2818 0.00858626
2819 0.00857308
2820 0.00855994
2821 0.00854684
2822 0.00853377
2823 0.00852073
2824 0.00850773
2825 0.00849477
2826 0.00848183
2827 0.00846894
2828 0.00845607
2829 0.00844324
2830 0.00843044
2831 0.00841768
2832 0.00840495
2833 0.00839226
2834 0.00837959
2835 0.00836696
2836 0.00835437
2837 0.0083418
2838 0.00832927
2839 0.00831677
2840 0.00830431
2841 0.00829187
2842 0.00827947
2843 0.0082671
2844 0.00825476
2845 0.00824246
2846 0.00823018
2847 0.00821794
2848 0.00820573
2849 0.00819355
2850 0.0081814
2851 0.00816929
2852 0.0081572
2853 0.00814515
2854 0.00813312
2855 0.00812113
2856 0.00810917
2857 0.00809723
2858 0.00808533
2859 0.00807346
2860 0.00806162
2861 0.00804981
2862 0.00803803
2863 0.00802628
2864 0.00801455
2865 0.00800286
2866 0.0079912
2867 0.00797957
2868 0.00796796
2869 0.00795639
2870 0.00794484
2871 0.00793333
2872 0.00792184
2873 0.00791038
2874 0.00789895
2875 0.00788755
2876 0.00787617
2877 0.00786483
2878 0.00785351
2879 0.00784222
2880 0.00783096
2881 0.00781973
2882 0.00780853
2883 0.00779735
2884 0.0077862
2885 0.00777508
2886 0.00776399
2887 0.00775292
2888 0.00774188
2889 0.00773087
2890 0.00771989
2891 0.00770893
2892 0.007698
2893 0.00768709
2894 0.00767622
2895 0.00766536
2896 0.00765454
2897 0.00764374
2898 0.00763297
2899 0.00762223
2900 0.00761151
2901 0.00760081
2902 0.00759015
2903 0.00757951
2904 0.00756889
2905 0.0075583
2906 0.00754774
2907 0.0075372
2908 0.00752669
2909 0.0075162
2910 0.00750574
2911 0.0074953
2912 0.00748489
2913 0.0074745
2914 0.00746414
2915 0.0074538
2916 0.00744349
2917 0.0074332
2918 0.00742294
2919 0.0074127
2920 0.00740248
2921 0.00739229
2922 0.00738213
2923 0.00737199
2924 0.00736187
2925 0.00735178
2926 0.00734171
2927 0.00733166
2928 0.00732164
2929 0.00731164
2930 0.00730167
2931 0.00729172
2932 0.00728179
2933 0.00727188
2934 0.007262
2935 0.00725215
2936 0.00724231
2937 0.0072325
2938 0.00722271
2939 0.00721295
2940 0.0072032
2941 0.00719348
2942 0.00718378
2943 0.00717411
2944 0.00716446
2945 0.00715483
2946 0.00714522
2947 0.00713564
2948 0.00712607
2949 0.00711653
2950 0.00710701
2951 0.00709752
2952 0.00708804
2953 0.00707859
2954 0.00706916
2955 0.00705975
2956 0.00705036
2957 0.00704099
2958 0.00703165
2959 0.00702233
2960 0.00701302
2961 0.00700374
2962 0.00699448
2963 0.00698525
2964 0.00697603
2965 0.00696683
2966 0.00695766
2967 0.0069485
2968 0.00693937
2969 0.00693026
2970 0.00692116
2971 0.00691209
2972 0.00690304
2973 0.00689401
2974 0.006885
2975 0.00687601
2976 0.00686704
2977 0.00685809
2978 0.00684916
2979 0.00684026
2980 0.00683137
2981 0.0068225
2982 0.00681365
2983 0.00680482
2984 0.00679601
2985 0.00678722
2986 0.00677845
2987 0.0067697
2988 0.00676097
2989 0.00675226
2990 0.00674356
2991 0.00673489
2992 0.00672624
2993 0.0067176
2994 0.00670899
2995 0.00670039
2996 0.00669181
2997 0.00668326
2998 0.00667472
2999 0.0066662
3000 0.00665769
