0 0.224836
1 0.359444
2 0.350778
3 0.331006
4 0.272974
5 0.118932
6 0.150145
7 0.238536
8 0.107631
9 0.108904
10 0.113642
11 0.132427
12 0.158668
13 0.232156
14 0.106856
15 0.106935
16 0.107307
17 0.10848
18 0.112547
19 0.121701
20 0.1518
21 0.147257
22 0.20196
23 0.112033
24 0.122038
25 0.132517
26 0.170776
27 0.128497
28 0.160756
29 0.132266
30 0.167139
31 0.127294
32 0.156104
33 0.131727
34 0.16418
35 0.126889
36 0.153929
37 0.130897
38 0.161317
39 0.126987
40 0.1532
41 0.129995
42 0.158704
43 0.127244
44 0.153027
45 0.129199
46 0.156535
47 0.127457
48 0.152921
49 0.128582
50 0.154868
51 0.127564
52 0.152718
53 0.128138
54 0.153647
55 0.127575
56 0.152416
57 0.127829
58 0.152765
59 0.127522
60 0.15206
61 0.127609
62 0.152118
63 0.127437
64 0.151696
65 0.127445
66 0.151628
67 0.12734
68 0.151355
69 0.127313
70 0.151242
71 0.12724
72 0.15105
73 0.1272
74 0.150931
75 0.127142
76 0.150787
77 0.127098
78 0.150678
79 0.127047
80 0.150565
81 0.127002
82 0.150473
83 0.126954
84 0.150385
85 0.126907
86 0.150313
87 0.126859
88 0.150249
89 0.126809
90 0.150199
91 0.126756
92 0.150161
93 0.1267
94 0.150138
95 0.126638
96 0.150132
97 0.126569
98 0.150146
99 0.126488
100 0.150185
101 0.126392
102 0.150255
103 0.126276
104 0.150363
105 0.126132
106 0.15052
107 0.125954
108 0.150736
109 0.125731
110 0.151021
111 0.125458
112 0.151377
113 0.125138
114 0.151785
115 0.124784
116 0.152198
117 0.124415
118 0.152572
119 0.12405
120 0.152886
121 0.123697
122 0.153139
123 0.12336
124 0.153341
125 0.123036
126 0.1535
127 0.122724
128 0.153628
129 0.122424
130 0.153732
131 0.122134
132 0.153821
133 0.121853
134 0.153898
135 0.121583
136 0.153967
137 0.121322
138 0.154031
139 0.12107
140 0.154088
141 0.120827
142 0.15414
143 0.120592
144 0.154185
145 0.120365
146 0.154223
147 0.120146
148 0.154253
149 0.119933
150 0.154273
151 0.119726
152 0.154284
153 0.119524
154 0.154285
155 0.119327
156 0.154277
157 0.119134
158 0.154259
159 0.118945
160 0.154232
161 0.118759
162 0.154196
163 0.118575
164 0.154153
165 0.118393
166 0.154103
167 0.118213
168 0.154046
169 0.118035
170 0.153983
171 0.117859
172 0.153915
173 0.117683
174 0.153842
175 0.117509
176 0.153765
177 0.117336
178 0.153685
179 0.117164
180 0.153601
181 0.116993
182 0.153514
183 0.116823
184 0.153425
185 0.116654
186 0.153333
187 0.116486
188 0.153238
189 0.116319
190 0.153141
191 0.116154
192 0.153041
193 0.115989
194 0.152938
195 0.115827
196 0.152834
197 0.115665
198 0.152725
199 0.115507
200 0.152615
201 0.115348
202 0.1525
203 0.115193
204 0.152384
205 0.115039
206 0.152262
207 0.114888
208 0.152139
209 0.114738
210 0.15201
211 0.114592
212 0.151879
213 0.114447
214 0.151742
215 0.114306
216 0.151604
217 0.114166
218 0.151457
219 0.11403
220 0.151311
221 0.113895
222 0.151155
223 0.113766
224 0.151
225 0.113636
226 0.150835
227 0.113512
228 0.150671
229 0.113388
230 0.150495
231 0.11327
232 0.150322
233 0.113152
234 0.150137
235 0.11304
236 0.149955
237 0.112927
238 0.14976
239 0.112822
240 0.149568
241 0.112714
242 0.149363
243 0.112614
244 0.149163
245 0.112512
246 0.148948
247 0.112417
248 0.148738
249 0.11232
250 0.148514
251 0.112231
252 0.148295
253 0.112138
254 0.148063
255 0.112053
256 0.147835
257 0.111965
258 0.147594
259 0.111884
260 0.147357
261 0.1118
262 0.147109
263 0.111723
264 0.146864
265 0.111643
266 0.146608
267 0.111569
268 0.146356
269 0.111492
270 0.146093
271 0.11142
272 0.145833
273 0.111346
274 0.145565
275 0.111276
276 0.145299
277 0.111205
278 0.145025
279 0.111136
280 0.144753
281 0.111067
282 0.144475
283 0.110999
284 0.144197
285 0.110931
286 0.143916
287 0.110864
288 0.143634
289 0.110797
290 0.143349
291 0.11073
292 0.143064
293 0.110663
294 0.142777
295 0.110596
296 0.14249
297 0.110529
298 0.142202
299 0.110461
300 0.141914
301 0.110394
302 0.141625
303 0.110325
304 0.141337
305 0.110257
306 0.141049
307 0.110187
308 0.140762
309 0.110117
310 0.140476
311 0.110047
312 0.140191
313 0.109976
314 0.139908
315 0.109904
316 0.139627
317 0.109831
318 0.139348
319 0.109757
320 0.139072
321 0.109683
322 0.138799
323 0.109608
324 0.13853
325 0.109532
326 0.138264
327 0.109455
328 0.138002
329 0.109377
330 0.137744
331 0.109299
332 0.137491
333 0.109219
334 0.137244
335 0.10914
336 0.137002
337 0.109059
338 0.136766
339 0.108978
340 0.136536
341 0.108896
342 0.136314
343 0.108814
344 0.136098
345 0.108731
346 0.135891
347 0.108648
348 0.135691
349 0.108564
350 0.135501
351 0.10848
352 0.135319
353 0.108396
354 0.135147
355 0.108312
356 0.134985
357 0.108227
358 0.134834
359 0.108142
360 0.134694
361 0.108058
362 0.134567
363 0.107973
364 0.134451
365 0.107889
366 0.134349
367 0.107804
368 0.13426
369 0.10772
370 0.134186
371 0.107635
372 0.134126
373 0.107551
374 0.134083
375 0.107467
376 0.134056
377 0.107383
378 0.134046
379 0.107298
380 0.134054
381 0.107214
382 0.134081
383 0.107129
384 0.134127
385 0.107044
386 0.134194
387 0.106958
388 0.134282
389 0.106871
390 0.134391
391 0.106783
392 0.134523
393 0.106693
394 0.134679
395 0.106601
396 0.134858
397 0.106507
398 0.135061
399 0.10641
400 0.13529
401 0.106309
402 0.135543
403 0.106204
404 0.135823
405 0.106094
406 0.136128
407 0.105978
408 0.136459
409 0.105855
410 0.136815
411 0.105725
412 0.137197
413 0.105586
414 0.137604
415 0.105437
416 0.138035
417 0.105278
418 0.138489
419 0.105107
420 0.138964
421 0.104923
422 0.13946
423 0.104725
424 0.139975
425 0.104513
426 0.140506
427 0.104286
428 0.141051
429 0.104043
430 0.141608
431 0.103783
432 0.142173
433 0.103506
434 0.142742
435 0.103212
436 0.143313
437 0.102901
438 0.14388
439 0.102574
440 0.14444
441 0.102229
442 0.144988
443 0.101869
444 0.145517
445 0.101494
446 0.146023
447 0.101104
448 0.1465
449 0.100702
450 0.146943
451 0.100288
452 0.147346
453 0.0998646
454 0.147706
455 0.0994343
456 0.148017
457 0.0989992
458 0.148279
459 0.098562
460 0.14849
461 0.0981253
462 0.148651
463 0.0976918
464 0.148762
465 0.0972635
466 0.148827
467 0.0968425
468 0.148849
469 0.0964304
470 0.148831
471 0.0960281
472 0.148778
473 0.0956366
474 0.148692
475 0.0952561
476 0.148579
477 0.0948869
478 0.14844
479 0.0945288
480 0.148279
481 0.0941818
482 0.148098
483 0.0938455
484 0.147901
485 0.0935195
486 0.147688
487 0.0932035
488 0.147462
489 0.0928971
490 0.147224
491 0.0925998
492 0.146976
493 0.0923114
494 0.146719
495 0.0920314
496 0.146453
497 0.0917594
498 0.146181
499 0.0914951
500 0.145902
501 0.0912382
502 0.145617
503 0.0909882
504 0.145328
505 0.0907451
506 0.145034
507 0.0905083
508 0.144735
509 0.0902776
510 0.144434
511 0.0900528
512 0.144128
513 0.0898337
514 0.14382
515 0.0896197
516 0.143509
517 0.0894114
518 0.143196
519 0.089207
520 0.142879
521 0.0890091
522 0.142564
523 0.0888128
524 0.14224
525 0.0886256
526 0.141925
527 0.088435
528 0.14159
529 0.0882606
530 0.141284
531 0.0880705
532 0.140927
533 0.0879153
534 0.140648
535 0.0877147
536 0.140242
537 0.087594
538 0.140031
539 0.0873585
540 0.139516
541 0.0873072
542 0.139464
543 0.0869847
544 0.138706
545 0.0870774
546 0.139005
547 0.0865597
548 0.137732
549 0.0869482
550 0.138769
551 0.0860221
552 0.136438
553 0.0869991
554 0.138958
555 0.0852637
556 0.134553
557 0.0873629
558 0.139911
559 0.0841068
560 0.131629
561 0.0882384
562 0.142135
563 0.0822853
564 0.126991
565 0.0898625
566 0.146267
567 0.0794771
568 0.119821
569 0.0923255
570 0.15273
571 0.0755421
572 0.109754
573 0.0950234
574 0.160699
575 0.0711945
576 0.0987195
577 0.0962992
578 0.166953
579 0.06839
580 0.0920763
581 0.0958942
582 0.168812
583 0.0678616
584 0.0915287
585 0.09557
586 0.167969
587 0.067939
588 0.0921877
589 0.0951646
590 0.166313
591 0.0683325
592 0.0934446
593 0.0946799
594 0.164201
595 0.0689268
596 0.0950584
597 0.0941037
598 0.161761
599 0.0696812
600 0.0969512
601 0.0934277
602 0.159037
603 0.0705768
604 0.0990838
605 0.0926424
606 0.156047
607 0.0716023
608 0.101432
609 0.0917408
610 0.152802
611 0.072745
612 0.10397
613 0.0907215
614 0.149323
615 0.0739842
616 0.106655
617 0.0895929
618 0.145648
619 0.0752861
620 0.109417
621 0.0883784
622 0.141849
623 0.0766001
624 0.112157
625 0.0871201
626 0.138037
627 0.0778597
628 0.11474
629 0.085879
630 0.134363
631 0.0789893
632 0.117013
633 0.0847274
634 0.130993
635 0.079921
636 0.118834
637 0.083732
638 0.128077
639 0.0806128
640 0.12011
641 0.0829346
642 0.125696
643 0.0810612
644 0.120827
645 0.0823403
646 0.123847
647 0.0812983
648 0.121051
649 0.0819204
650 0.122444
651 0.0813769
652 0.120898
653 0.0816281
654 0.121366
655 0.0813521
656 0.120494
657 0.0814168
658 0.120494
659 0.0812684
660 0.119947
661 0.0812501
662 0.119738
663 0.0811558
664 0.119331
665 0.0811054
666 0.11904
667 0.0810314
668 0.118687
669 0.0809703
670 0.11837
671 0.0809031
672 0.118038
673 0.0808393
674 0.117715
675 0.0807744
676 0.11739
677 0.0807104
678 0.117069
679 0.0806463
680 0.116749
681 0.0805826
682 0.116432
683 0.0805191
684 0.116116
685 0.0804557
686 0.115802
687 0.0803926
688 0.11549
689 0.0803297
690 0.11518
691 0.0802669
692 0.114872
693 0.0802043
694 0.114566
695 0.0801418
696 0.114262
697 0.0800795
698 0.11396
699 0.0800172
700 0.113661
701 0.0799551
702 0.113364
703 0.0798932
704 0.113068
705 0.0798313
706 0.112775
707 0.0797695
708 0.112485
709 0.0797078
710 0.112196
711 0.0796461
712 0.11191
713 0.0795846
714 0.111626
715 0.0795231
716 0.111344
717 0.0794616
718 0.111065
719 0.0794002
720 0.110787
721 0.0793389
722 0.110512
723 0.0792776
724 0.11024
725 0.0792163
726 0.109969
727 0.0791551
728 0.109701
729 0.0790939
730 0.109436
731 0.0790327
732 0.109172
733 0.0789715
734 0.108911
735 0.0789104
736 0.108652
737 0.0788493
738 0.108395
739 0.0787881
740 0.108141
741 0.078727
742 0.107889
743 0.0786659
744 0.107639
745 0.0786048
746 0.107391
747 0.0785438
748 0.107146
749 0.0784827
750 0.106902
751 0.0784216
752 0.106661
753 0.0783605
754 0.106422
755 0.0782994
756 0.106185
757 0.0782383
758 0.10595
759 0.0781772
760 0.105718
761 0.0781161
762 0.105487
763 0.078055
764 0.105258
765 0.0779939
766 0.105032
767 0.0779328
768 0.104807
769 0.0778717
770 0.104585
771 0.0778106
772 0.104364
773 0.0777495
774 0.104145
775 0.0776884
776 0.103929
777 0.0776272
778 0.103714
779 0.0775661
780 0.103501
781 0.077505
782 0.10329
783 0.0774439
784 0.103081
785 0.0773828
786 0.102873
787 0.0773217
788 0.102668
789 0.0772606
790 0.102464
791 0.0771995
792 0.102262
793 0.0771385
794 0.102062
795 0.0770774
796 0.101864
797 0.0770164
798 0.101667
799 0.0769554
800 0.101472
801 0.0768944
802 0.101278
803 0.0768334
804 0.101087
805 0.0767725
806 0.100897
807 0.0767116
808 0.100708
809 0.0766507
810 0.100521
811 0.0765898
812 0.100336
813 0.076529
814 0.100153
815 0.0764683
816 0.0999706
817 0.0764076
818 0.0997901
819 0.0763469
820 0.0996111
821 0.0762863
822 0.0994336
823 0.0762257
824 0.0992576
825 0.0761652
826 0.0990831
827 0.0761048
828 0.09891
829 0.0760444
830 0.0987384
831 0.0759841
832 0.0985683
833 0.0759238
834 0.0983995
835 0.0758637
836 0.0982322
837 0.0758036
838 0.0980662
839 0.0757436
840 0.0979016
841 0.0756836
842 0.0977384
843 0.0756238
844 0.0975765
845 0.075564
846 0.0974159
847 0.0755044
848 0.0972567
849 0.0754448
850 0.0970987
851 0.0753853
852 0.096942
853 0.0753259
854 0.0967866
855 0.0752667
856 0.0966325
857 0.0752075
858 0.0964795
859 0.0751484
860 0.0963278
861 0.0750895
862 0.0961773
863 0.0750306
864 0.096028
865 0.0749719
866 0.0958799
867 0.0749133
868 0.0957329
869 0.0748548
870 0.0955871
871 0.0747964
872 0.0954425
873 0.0747382
874 0.0952989
875 0.0746801
876 0.0951565
877 0.0746221
878 0.0950152
879 0.0745642
880 0.094875
881 0.0745065
882 0.0947358
883 0.0744489
884 0.0945977
885 0.0743915
886 0.0944607
887 0.0743342
888 0.0943247
889 0.074277
890 0.0941897
891 0.07422
892 0.0940557
893 0.0741631
894 0.0939227
895 0.0741064
896 0.0937908
897 0.0740498
898 0.0936598
899 0.0739933
900 0.0935297
901 0.0739371
902 0.0934007
903 0.0738809
904 0.0932725
905 0.073825
906 0.0931454
907 0.0737691
908 0.0930191
909 0.0737135
910 0.0928937
911 0.073658
912 0.0927693
913 0.0736026
914 0.0926458
915 0.0735475
916 0.0925231
917 0.0734925
918 0.0924013
919 0.0734376
920 0.0922804
921 0.073383
922 0.0921604
923 0.0733285
924 0.0920412
925 0.0732741
926 0.0919228
927 0.07322
928 0.0918053
929 0.073166
930 0.0916886
931 0.0731122
932 0.0915727
933 0.0730585
934 0.0914577
935 0.0730051
936 0.0913434
937 0.0729518
938 0.0912299
939 0.0728987
940 0.0911173
941 0.0728458
942 0.0910054
943 0.0727931
944 0.0908943
945 0.0727405
946 0.0907839
947 0.0726882
948 0.0906744
949 0.072636
950 0.0905655
951 0.072584
952 0.0904575
953 0.0725322
954 0.0903501
955 0.0724806
956 0.0902436
957 0.0724292
958 0.0901377
959 0.072378
960 0.0900326
961 0.072327
962 0.0899282
963 0.0722762
964 0.0898245
965 0.0722256
966 0.0897215
967 0.0721751
968 0.0896193
969 0.0721249
970 0.0895177
971 0.0720749
972 0.0894169
973 0.0720251
974 0.0893167
975 0.0719755
976 0.0892173
977 0.0719261
978 0.0891185
979 0.0718769
980 0.0890204
981 0.0718279
982 0.088923
983 0.0717791
984 0.0888263
985 0.0717305
986 0.0887302
987 0.0716822
988 0.0886348
989 0.071634
990 0.0885401
991 0.0715861
992 0.088446
993 0.0715383
994 0.0883526
995 0.0714908
996 0.0882598
997 0.0714435
998 0.0881677
999 0.0713964
1000 0.0880762
1001 0.0713496
1002 0.0879854
1003 0.0713029
1004 0.0878952
1005 0.0712565
1006 0.0878057
1007 0.0712103
1008 0.0877168
1009 0.0711643
1010 0.0876285
1011 0.0711185
1012 0.0875408
1013 0.0710729
1014 0.0874538
1015 0.0710276
1016 0.0873674
1017 0.0709825
1018 0.0872816
1019 0.0709376
1020 0.0871965
1021 0.0708929
1022 0.0871119
1023 0.0708485
1024 0.087028
1025 0.0708043
1026 0.0869446
1027 0.0707603
1028 0.0868619
1029 0.0707165
1030 0.0867797
1031 0.070673
1032 0.0866982
1033 0.0706297
1034 0.0866173
1035 0.0705866
1036 0.0865369
1037 0.0705437
1038 0.0864572
1039 0.0705011
1040 0.086378
1041 0.0704587
1042 0.0862994
1043 0.0704165
1044 0.0862214
1045 0.0703745
1046 0.086144
1047 0.0703328
1048 0.0860671
1049 0.0702913
1050 0.0859908
1051 0.07025
1052 0.0859151
1053 0.070209
1054 0.08584
1055 0.0701682
1056 0.0857654
1057 0.0701276
1058 0.0856914
1059 0.0700872
1060 0.0856179
1061 0.0700471
1062 0.085545
1063 0.0700072
1064 0.0854726
1065 0.0699675
1066 0.0854008
1067 0.069928
1068 0.0853296
1069 0.0698888
1070 0.0852588
1071 0.0698498
1072 0.0851886
1073 0.069811
1074 0.085119
1075 0.0697725
1076 0.0850499
1077 0.0697342
1078 0.0849813
1079 0.0696961
1080 0.0849132
1081 0.0696582
1082 0.0848457
1083 0.0696205
1084 0.0847787
1085 0.0695831
1086 0.0847122
1087 0.0695459
1088 0.0846462
1089 0.0695089
1090 0.0845808
1091 0.0694721
1092 0.0845158
1093 0.0694356
1094 0.0844514
1095 0.0693993
1096 0.0843874
1097 0.0693632
1098 0.084324
1099 0.0693273
1100 0.084261
1101 0.0692917
1102 0.0841986
1103 0.0692562
1104 0.0841366
1105 0.069221
1106 0.0840751
1107 0.069186
1108 0.0840141
1109 0.0691512
1110 0.0839536
1111 0.0691166
1112 0.0838936
1113 0.0690823
1114 0.083834
1115 0.0690481
1116 0.0837749
1117 0.0690142
1118 0.0837163
1119 0.0689805
1120 0.0836581
1121 0.068947
1122 0.0836004
1123 0.0689137
1124 0.0835432
1125 0.0688806
1126 0.0834864
1127 0.0688478
1128 0.08343
1129 0.0688151
1130 0.0833742
1131 0.0687826
1132 0.0833187
1133 0.0687504
1134 0.0832637
1135 0.0687184
1136 0.0832092
1137 0.0686865
1138 0.083155
1139 0.0686549
1140 0.0831014
1141 0.0686235
1142 0.0830481
1143 0.0685922
1144 0.0829953
1145 0.0685612
1146 0.0829429
1147 0.0685304
1148 0.0828909
1149 0.0684998
1150 0.0828393
1151 0.0684694
1152 0.0827881
1153 0.0684391
1154 0.0827374
1155 0.0684091
1156 0.0826871
1157 0.0683793
1158 0.0826371
1159 0.0683496
1160 0.0825876
1161 0.0683202
1162 0.0825385
1163 0.0682909
1164 0.0824897
1165 0.0682619
1166 0.0824414
1167 0.068233
1168 0.0823934
1169 0.0682043
1170 0.0823459
1171 0.0681758
1172 0.0822987
1173 0.0681475
1174 0.0822519
1175 0.0681194
1176 0.0822054
1177 0.0680915
1178 0.0821594
1179 0.0680638
1180 0.0821137
1181 0.0680362
1182 0.0820684
1183 0.0680088
1184 0.0820235
1185 0.0679816
1186 0.0819789
1187 0.0679546
1188 0.0819347
1189 0.0679278
1190 0.0818908
1191 0.0679011
1192 0.0818473
1193 0.0678746
1194 0.0818041
1195 0.0678483
1196 0.0817613
1197 0.0678222
1198 0.0817189
1199 0.0677962
1200 0.0816768
1201 0.0677704
1202 0.081635
1203 0.0677448
1204 0.0815936
1205 0.0677194
1206 0.0815524
1207 0.0676941
1208 0.0815117
1209 0.067669
1210 0.0814712
1211 0.0676441
1212 0.0814311
1213 0.0676193
1214 0.0813913
1215 0.0675947
1216 0.0813519
1217 0.0675703
1218 0.0813127
1219 0.067546
1220 0.0812739
1221 0.0675219
1222 0.0812354
1223 0.0674979
1224 0.0811972
1225 0.0674741
1226 0.0811593
1227 0.0674505
1228 0.0811217
1229 0.067427
1230 0.0810844
1231 0.0674037
1232 0.0810474
1233 0.0673806
1234 0.0810107
1235 0.0673576
1236 0.0809743
1237 0.0673347
1238 0.0809382
1239 0.067312
1240 0.0809024
1241 0.0672895
1242 0.0808669
1243 0.0672671
1244 0.0808316
1245 0.0672449
1246 0.0807967
1247 0.0672228
1248 0.080762
1249 0.0672008
1250 0.0807276
1251 0.067179
1252 0.0806935
1253 0.0671574
1254 0.0806596
1255 0.0671359
1256 0.0806261
1257 0.0671145
1258 0.0805928
1259 0.0670933
1260 0.0805597
1261 0.0670722
1262 0.080527
1263 0.0670513
1264 0.0804945
1265 0.0670305
1266 0.0804622
1267 0.0670099
1268 0.0804302
1269 0.0669893
1270 0.0803985
1271 0.066969
1272 0.080367
1273 0.0669487
1274 0.0803358
1275 0.0669286
1276 0.0803048
1277 0.0669086
1278 0.0802741
1279 0.0668888
1280 0.0802436
1281 0.0668691
1282 0.0802134
1283 0.0668495
1284 0.0801834
1285 0.0668301
1286 0.0801536
1287 0.0668108
1288 0.0801241
1289 0.0667916
1290 0.0800948
1291 0.0667726
1292 0.0800658
1293 0.0667536
1294 0.080037
1295 0.0667348
1296 0.0800084
1297 0.0667162
1298 0.07998
1299 0.0666976
1300 0.0799519
1301 0.0666792
1302 0.079924
1303 0.0666609
1304 0.0798963
1305 0.0666427
1306 0.0798688
1307 0.0666246
1308 0.0798415
1309 0.0666067
1310 0.0798145
1311 0.0665889
1312 0.0797877
1313 0.0665712
1314 0.079761
1315 0.0665536
1316 0.0797346
1317 0.0665361
1318 0.0797084
1319 0.0665188
1320 0.0796824
1321 0.0665015
1322 0.0796567
1323 0.0664844
1324 0.0796311
1325 0.0664674
1326 0.0796057
1327 0.0664505
1328 0.0795805
1329 0.0664337
1330 0.0795555
1331 0.0664171
1332 0.0795307
1333 0.0664005
1334 0.0795061
1335 0.066384
1336 0.0794817
1337 0.0663677
1338 0.0794575
1339 0.0663515
1340 0.0794335
1341 0.0663353
1342 0.0794097
1343 0.0663193
1344 0.079386
1345 0.0663034
1346 0.0793626
1347 0.0662876
1348 0.0793393
1349 0.0662719
1350 0.0793162
1351 0.0662562
1352 0.0792933
1353 0.0662407
1354 0.0792705
1355 0.0662253
1356 0.0792479
1357 0.06621
1358 0.0792256
1359 0.0661948
1360 0.0792033
1361 0.0661797
1362 0.0791813
1363 0.0661647
1364 0.0791594
1365 0.0661498
1366 0.0791377
1367 0.066135
1368 0.0791162
1369 0.0661203
1370 0.0790948
1371 0.0661057
1372 0.0790736
1373 0.0660911
1374 0.0790525
1375 0.0660767
1376 0.0790316
1377 0.0660624
1378 0.0790109
1379 0.0660481
1380 0.0789903
1381 0.066034
1382 0.0789699
1383 0.0660199
1384 0.0789497
1385 0.066006
1386 0.0789295
1387 0.0659921
1388 0.0789096
1389 0.0659783
1390 0.0788898
1391 0.0659646
1392 0.0788701
1393 0.065951
1394 0.0788506
1395 0.0659375
1396 0.0788313
1397 0.065924
1398 0.0788121
1399 0.0659107
1400 0.078793
1401 0.0658974
1402 0.0787741
1403 0.0658842
1404 0.0787553
1405 0.0658711
1406 0.0787367
1407 0.0658581
1408 0.0787182
1409 0.0658452
1410 0.0786998
1411 0.0658323
1412 0.0786816
1413 0.0658195
1414 0.0786635
1415 0.0658068
1416 0.0786456
1417 0.0657942
1418 0.0786277
1419 0.0657817
1420 0.0786101
1421 0.0657693
1422 0.0785925
1423 0.0657569
1424 0.0785751
1425 0.0657446
1426 0.0785578
1427 0.0657324
1428 0.0785406
1429 0.0657202
1430 0.0785236
1431 0.0657082
1432 0.0785066
1433 0.0656962
1434 0.0784898
1435 0.0656843
1436 0.0784732
1437 0.0656724
1438 0.0784566
1439 0.0656606
1440 0.0784402
1441 0.065649
1442 0.0784239
1443 0.0656373
1444 0.0784077
1445 0.0656258
1446 0.0783916
1447 0.0656143
1448 0.0783756
1449 0.0656029
1450 0.0783598
1451 0.0655916
1452 0.078344
1453 0.0655803
1454 0.0783284
1455 0.0655691
1456 0.0783129
1457 0.065558
1458 0.0782975
1459 0.0655469
1460 0.0782822
1461 0.0655359
1462 0.078267
1463 0.065525
1464 0.0782519
1465 0.0655141
1466 0.078237
1467 0.0655033
1468 0.0782221
1469 0.0654926
1470 0.0782074
1471 0.0654819
1472 0.0781927
1473 0.0654713
1474 0.0781781
1475 0.0654608
1476 0.0781637
1477 0.0654503
1478 0.0781493
1479 0.0654399
1480 0.0781351
1481 0.0654295
1482 0.0781209
1483 0.0654192
1484 0.0781069
1485 0.065409
1486 0.0780929
1487 0.0653988
1488 0.078079
1489 0.0653887
1490 0.0780653
1491 0.0653787
1492 0.0780516
1493 0.0653687
1494 0.078038
1495 0.0653588
1496 0.0780245
1497 0.0653489
1498 0.0780111
1499 0.0653391
1500 0.0779978
1501 0.0653293
1502 0.0779846
1503 0.0653196
1504 0.0779714
1505 0.06531
1506 0.0779584
1507 0.0653004
1508 0.0779454
1509 0.0652908
1510 0.0779325
1511 0.0652814
1512 0.0779197
1513 0.0652719
1514 0.077907
1515 0.0652626
1516 0.0778944
1517 0.0652532
1518 0.0778819
1519 0.065244
1520 0.0778694
1521 0.0652348
1522 0.077857
1523 0.0652256
1524 0.0778447
1525 0.0652165
1526 0.0778325
1527 0.0652075
1528 0.0778203
1529 0.0651984
1530 0.0778083
1531 0.0651895
1532 0.0777963
1533 0.0651806
1534 0.0777844
1535 0.0651717
1536 0.0777725
1537 0.0651629
1538 0.0777607
1539 0.0651542
1540 0.0777491
1541 0.0651455
1542 0.0777374
1543 0.0651368
1544 0.0777259
1545 0.0651282
1546 0.0777144
1547 0.0651196
1548 0.077703
1549 0.0651111
1550 0.0776916
1551 0.0651026
1552 0.0776804
1553 0.0650942
1554 0.0776692
1555 0.0650858
1556 0.077658
1557 0.0650775
1558 0.077647
1559 0.0650692
1560 0.077636
1561 0.065061
1562 0.077625
1563 0.0650528
1564 0.0776141
1565 0.0650446
1566 0.0776033
1567 0.0650365
1568 0.0775926
1569 0.0650284
1570 0.0775819
1571 0.0650204
1572 0.0775713
1573 0.0650124
1574 0.0775607
1575 0.0650044
1576 0.0775502
1577 0.0649965
1578 0.0775398
1579 0.0649887
1580 0.0775294
1581 0.0649808
1582 0.0775191
1583 0.0649731
1584 0.0775088
1585 0.0649653
1586 0.0774986
1587 0.0649576
1588 0.0774884
1589 0.0649499
1590 0.0774783
1591 0.0649423
1592 0.0774683
1593 0.0649347
1594 0.0774583
1595 0.0649272
1596 0.0774484
1597 0.0649197
1598 0.0774385
1599 0.0649122
1600 0.0774286
1601 0.0649048
1602 0.0774189
1603 0.0648974
1604 0.0774091
1605 0.06489
1606 0.0773995
1607 0.0648827
1608 0.0773898
1609 0.0648754
1610 0.0773803
1611 0.0648681
1612 0.0773707
1613 0.0648609
1614 0.0773613
1615 0.0648537
1616 0.0773518
1617 0.0648466
1618 0.0773424
1619 0.0648395
1620 0.0773331
1621 0.0648324
1622 0.0773238
1623 0.0648253
1624 0.0773146
1625 0.0648183
1626 0.0773054
1627 0.0648113
1628 0.0772962
1629 0.0648044
1630 0.0772871
1631 0.0647975
1632 0.077278
1633 0.0647906
1634 0.077269
1635 0.0647837
1636 0.07726
1637 0.0647769
1638 0.0772511
1639 0.0647701
1640 0.0772422
1641 0.0647633
1642 0.0772333
1643 0.0647566
1644 0.0772245
1645 0.0647499
1646 0.0772158
1647 0.0647433
1648 0.077207
1649 0.0647366
1650 0.0771983
1651 0.06473
1652 0.0771897
1653 0.0647234
1654 0.077181
1655 0.0647169
1656 0.0771725
1657 0.0647103
1658 0.0771639
1659 0.0647039
1660 0.0771554
1661 0.0646974
1662 0.0771469
1663 0.0646909
1664 0.0771385
1665 0.0646845
1666 0.0771301
1667 0.0646782
1668 0.0771217
1669 0.0646718
1670 0.0771134
1671 0.0646655
1672 0.0771051
1673 0.0646592
1674 0.0770968
1675 0.0646529
1676 0.0770886
1677 0.0646466
1678 0.0770804
1679 0.0646404
1680 0.0770722
1681 0.0646342
1682 0.0770641
1683 0.064628
1684 0.0770559
1685 0.0646219
1686 0.0770479
1687 0.0646158
1688 0.0770398
1689 0.0646097
1690 0.0770318
1691 0.0646036
1692 0.0770238
1693 0.0645975
1694 0.0770159
1695 0.0645915
1696 0.0770079
1697 0.0645855
1698 0.077
1699 0.0645795
1700 0.0769922
1701 0.0645736
1702 0.0769843
1703 0.0645676
1704 0.0769765
1705 0.0645617
1706 0.0769687
1707 0.0645558
1708 0.0769609
1709 0.06455
1710 0.0769532
1711 0.0645441
1712 0.0769455
1713 0.0645383
1714 0.0769378
1715 0.0645325
1716 0.0769301
1717 0.0645267
1718 0.0769225
1719 0.0645209
1720 0.0769149
1721 0.0645152
1722 0.0769073
1723 0.0645095
1724 0.0768997
1725 0.0645038
1726 0.0768922
1727 0.0644981
1728 0.0768846
1729 0.0644925
1730 0.0768771
1731 0.0644868
1732 0.0768697
1733 0.0644812
1734 0.0768622
1735 0.0644756
1736 0.0768548
1737 0.06447
1738 0.0768474
1739 0.0644645
1740 0.07684
1741 0.0644589
1742 0.0768326
1743 0.0644534
1744 0.0768252
1745 0.0644479
1746 0.0768179
1747 0.0644424
1748 0.0768106
1749 0.0644369
1750 0.0768033
1751 0.0644315
1752 0.076796
1753 0.064426
1754 0.0767888
1755 0.0644206
1756 0.0767815
1757 0.0644152
1758 0.0767743
1759 0.0644098
1760 0.0767671
1761 0.0644045
1762 0.0767599
1763 0.0643991
1764 0.0767527
1765 0.0643938
1766 0.0767456
1767 0.0643885
1768 0.0767384
1769 0.0643832
1770 0.0767313
1771 0.0643779
1772 0.0767242
1773 0.0643726
1774 0.0767171
1775 0.0643674
1776 0.07671
1777 0.0643621
1778 0.076703
1779 0.0643569
1780 0.0766959
1781 0.0643517
1782 0.0766889
1783 0.0643465
1784 0.0766819
1785 0.0643413
1786 0.0766749
1787 0.0643362
1788 0.0766679
1789 0.064331
1790 0.0766609
1791 0.0643259
1792 0.076654
1793 0.0643208
1794 0.076647
1795 0.0643157
1796 0.0766401
1797 0.0643106
1798 0.0766332
1799 0.0643055
1800 0.0766263
1801 0.0643004
1802 0.0766194
1803 0.0642954
1804 0.0766125
1805 0.0642904
1806 0.0766056
1807 0.0642853
1808 0.0765987
1809 0.0642803
1810 0.0765919
1811 0.0642753
1812 0.076585
1813 0.0642703
1814 0.0765782
1815 0.0642654
1816 0.0765714
1817 0.0642604
1818 0.0765646
1819 0.0642554
1820 0.0765578
1821 0.0642505
1822 0.076551
1823 0.0642456
1824 0.0765442
1825 0.0642407
1826 0.0765374
1827 0.0642358
1828 0.0765307
1829 0.0642309
1830 0.0765239
1831 0.064226
1832 0.0765172
1833 0.0642211
1834 0.0765104
1835 0.0642163
1836 0.0765037
1837 0.0642114
1838 0.076497
1839 0.0642066
1840 0.0764903
1841 0.0642018
1842 0.0764836
1843 0.0641969
1844 0.0764769
1845 0.0641921
1846 0.0764702
1847 0.0641873
1848 0.0764635
1849 0.0641825
1850 0.0764568
1851 0.0641778
1852 0.0764502
1853 0.064173
1854 0.0764435
1855 0.0641683
1856 0.0764368
1857 0.0641635
1858 0.0764302
1859 0.0641588
1860 0.0764235
1861 0.064154
1862 0.0764169
1863 0.0641493
1864 0.0764103
1865 0.0641446
1866 0.0764037
1867 0.0641399
1868 0.076397
1869 0.0641352
1870 0.0763904
1871 0.0641305
1872 0.0763838
1873 0.0641259
1874 0.0763772
1875 0.0641212
1876 0.0763706
1877 0.0641165
1878 0.076364
1879 0.0641119
1880 0.0763574
1881 0.0641073
1882 0.0763508
1883 0.0641026
1884 0.0763443
1885 0.064098
1886 0.0763377
1887 0.0640934
1888 0.0763311
1889 0.0640888
1890 0.0763245
1891 0.0640842
1892 0.076318
1893 0.0640796
1894 0.0763114
1895 0.064075
1896 0.0763049
1897 0.0640704
1898 0.0762983
1899 0.0640658
1900 0.0762917
1901 0.0640613
1902 0.0762852
1903 0.0640567
1904 0.0762787
1905 0.0640522
1906 0.0762721
1907 0.0640476
1908 0.0762656
1909 0.0640431
1910 0.076259
1911 0.0640386
1912 0.0762525
1913 0.064034
1914 0.076246
1915 0.0640295
1916 0.0762394
1917 0.064025
1918 0.0762329
1919 0.0640205
1920 0.0762264
1921 0.064016
1922 0.0762199
1923 0.0640115
1924 0.0762133
1925 0.064007
1926 0.0762068
1927 0.0640026
1928 0.0762003
1929 0.0639981
1930 0.0761938
1931 0.0639936
1932 0.0761873
1933 0.0639892
1934 0.0761808
1935 0.0639847
1936 0.0761742
1937 0.0639803
1938 0.0761677
1939 0.0639758
1940 0.0761612
1941 0.0639714
1942 0.0761547
1943 0.0639669
1944 0.0761482
1945 0.0639625
1946 0.0761417
1947 0.0639581
1948 0.0761352
1949 0.0639537
1950 0.0761287
1951 0.0639493
1952 0.0761222
1953 0.0639449
1954 0.0761157
1955 0.0639404
1956 0.0761092
1957 0.063936
1958 0.0761027
1959 0.0639317
1960 0.0760962
1961 0.0639273
1962 0.0760897
1963 0.0639229
1964 0.0760831
1965 0.0639185
1966 0.0760766
1967 0.0639141
1968 0.0760701
1969 0.0639098
1970 0.0760636
1971 0.0639054
1972 0.0760571
1973 0.063901
1974 0.0760506
1975 0.0638967
1976 0.0760441
1977 0.0638923
1978 0.0760376
1979 0.063888
1980 0.0760311
1981 0.0638836
1982 0.0760246
1983 0.0638793
1984 0.0760181
1985 0.0638749
1986 0.0760116
1987 0.0638706
1988 0.0760051
1989 0.0638663
1990 0.0759986
1991 0.063862
1992 0.0759921
1993 0.0638576
1994 0.0759855
1995 0.0638533
1996 0.075979
1997 0.063849
1998 0.0759725
1999 0.0638447
2000 0.075966
2001 0.0638404
2002 0.0759595
2003 0.0638361
2004 0.075953
2005 0.0638318
2006 0.0759464
2007 0.0638275
2008 0.0759399
2009 0.0638232
2010 0.0759334
2011 0.0638189
2012 0.0759269
2013 0.0638146
2014 0.0759204
2015 0.0638103
2016 0.0759138
2017 0.063806
2018 0.0759073
2019 0.0638018
2020 0.0759008
2021 0.0637975
2022 0.0758943
2023 0.0637932
2024 0.0758877
2025 0.0637889
2026 0.0758812
2027 0.0637847
2028 0.0758747
2029 0.0637804
2030 0.0758681
2031 0.0637762
2032 0.0758616
2033 0.0637719
2034 0.075855
2035 0.0637676
2036 0.0758485
2037 0.0637634
2038 0.075842
2039 0.0637591
2040 0.0758354
2041 0.0637549
2042 0.0758289
2043 0.0637506
2044 0.0758223
2045 0.0637464
2046 0.0758158
2047 0.0637422
2048 0.0758092
2049 0.0637379
2050 0.0758027
2051 0.0637337
2052 0.0757961
2053 0.0637295
2054 0.0757896
2055 0.0637252
2056 0.075783
2057 0.063721
2058 0.0757764
2059 0.0637168
2060 0.0757699
2061 0.0637126
2062 0.0757633
2063 0.0637083
2064 0.0757567
2065 0.0637041
2066 0.0757502
2067 0.0636999
2068 0.0757436
2069 0.0636957
2070 0.075737
2071 0.0636915
2072 0.0757304
2073 0.0636873
2074 0.0757239
2075 0.0636831
2076 0.0757173
2077 0.0636789
2078 0.0757107
2079 0.0636747
2080 0.0757041
2081 0.0636705
2082 0.0756975
2083 0.0636663
2084 0.0756909
2085 0.0636621
2086 0.0756844
2087 0.0636579
2088 0.0756778
2089 0.0636537
2090 0.0756712
2091 0.0636495
2092 0.0756646
2093 0.0636453
2094 0.075658
2095 0.0636411
2096 0.0756514
2097 0.0636369
2098 0.0756448
2099 0.0636327
2100 0.0756382
2101 0.0636286
2102 0.0756315
2103 0.0636244
2104 0.0756249
2105 0.0636202
2106 0.0756183
2107 0.063616
2108 0.0756117
2109 0.0636119
2110 0.0756051
2111 0.0636077
2112 0.0755985
2113 0.0636035
2114 0.0755918
2115 0.0635993
2116 0.0755852
2117 0.0635952
2118 0.0755786
2119 0.063591
2120 0.075572
2121 0.0635868
2122 0.0755653
2123 0.0635827
2124 0.0755587
2125 0.0635785
2126 0.0755521
2127 0.0635744
2128 0.0755454
2129 0.0635702
2130 0.0755388
2131 0.063566
2132 0.0755322
2133 0.0635619
2134 0.0755255
2135 0.0635577
2136 0.0755189
2137 0.0635536
2138 0.0755122
2139 0.0635494
2140 0.0755056
2141 0.0635453
2142 0.0754989
2143 0.0635411
2144 0.0754923
2145 0.063537
2146 0.0754856
2147 0.0635329
2148 0.075479
2149 0.0635287
2150 0.0754723
2151 0.0635246
2152 0.0754656
2153 0.0635204
2154 0.075459
2155 0.0635163
2156 0.0754523
2157 0.0635122
2158 0.0754456
2159 0.063508
2160 0.075439
2161 0.0635039
2162 0.0754323
2163 0.0634998
2164 0.0754256
2165 0.0634956
2166 0.0754189
2167 0.0634915
2168 0.0754123
2169 0.0634874
2170 0.0754056
2171 0.0634833
2172 0.0753989
2173 0.0634791
2174 0.0753922
2175 0.063475
2176 0.0753855
2177 0.0634709
2178 0.0753789
2179 0.0634668
2180 0.0753722
2181 0.0634627
2182 0.0753655
2183 0.0634585
2184 0.0753588
2185 0.0634544
2186 0.0753521
2187 0.0634503
2188 0.0753454
2189 0.0634462
2190 0.0753387
2191 0.0634421
2192 0.075332
2193 0.063438
2194 0.0753253
2195 0.0634339
2196 0.0753186
2197 0.0634298
2198 0.0753119
2199 0.0634257
2200 0.0753052
2201 0.0634216
2202 0.0752985
2203 0.0634175
2204 0.0752918
2205 0.0634134
2206 0.0752851
2207 0.0634093
2208 0.0752784
2209 0.0634052
2210 0.0752717
2211 0.0634011
2212 0.075265
2213 0.063397
2214 0.0752582
2215 0.0633929
2216 0.0752515
2217 0.0633888
2218 0.0752448
2219 0.0633847
2220 0.0752381
2221 0.0633806
2222 0.0752314
2223 0.0633765
2224 0.0752247
2225 0.0633724
2226 0.0752179
2227 0.0633684
2228 0.0752112
2229 0.0633643
2230 0.0752045
2231 0.0633602
2232 0.0751978
2233 0.0633561
2234 0.0751911
2235 0.063352
2236 0.0751843
2237 0.063348
2238 0.0751776
2239 0.0633439
2240 0.0751709
2241 0.0633398
2242 0.0751641
2243 0.0633358
2244 0.0751574
2245 0.0633317
2246 0.0751507
2247 0.0633276
2248 0.075144
2249 0.0633236
2250 0.0751372
2251 0.0633195
2252 0.0751305
2253 0.0633154
2254 0.0751238
2255 0.0633114
2256 0.075117
2257 0.0633073
2258 0.0751103
2259 0.0633033
2260 0.0751036
2261 0.0632992
2262 0.0750968
2263 0.0632951
2264 0.0750901
2265 0.0632911
2266 0.0750834
2267 0.063287
2268 0.0750766
2269 0.063283
2270 0.0750699
2271 0.0632789
2272 0.0750631
2273 0.0632749
2274 0.0750564
2275 0.0632709
2276 0.0750497
2277 0.0632668
2278 0.0750429
2279 0.0632628
2280 0.0750362
2281 0.0632587
2282 0.0750294
2283 0.0632547
2284 0.0750227
2285 0.0632507
2286 0.075016
2287 0.0632466
2288 0.0750092
2289 0.0632426
2290 0.0750025
2291 0.0632386
2292 0.0749957
2293 0.0632345
2294 0.074989
2295 0.0632305
2296 0.0749823
2297 0.0632265
2298 0.0749755
2299 0.0632225
2300 0.0749688
2301 0.0632185
2302 0.074962
2303 0.0632144
2304 0.0749553
2305 0.0632104
2306 0.0749486
2307 0.0632064
2308 0.0749418
2309 0.0632024
2310 0.0749351
2311 0.0631984
2312 0.0749283
2313 0.0631944
2314 0.0749216
2315 0.0631904
2316 0.0749149
2317 0.0631864
2318 0.0749081
2319 0.0631824
2320 0.0749014
2321 0.0631784
2322 0.0748947
2323 0.0631744
2324 0.0748879
2325 0.0631704
2326 0.0748812
2327 0.0631664
2328 0.0748744
2329 0.0631624
2330 0.0748677
2331 0.0631584
2332 0.074861
2333 0.0631544
2334 0.0748542
2335 0.0631504
2336 0.0748475
2337 0.0631464
2338 0.0748408
2339 0.0631425
2340 0.074834
2341 0.0631385
2342 0.0748273
2343 0.0631345
2344 0.0748206
2345 0.0631305
2346 0.0748139
2347 0.0631266
2348 0.0748071
2349 0.0631226
2350 0.0748004
2351 0.0631186
2352 0.0747937
2353 0.0631146
2354 0.0747869
2355 0.0631107
2356 0.0747802
2357 0.0631067
2358 0.0747735
2359 0.0631028
2360 0.0747668
2361 0.0630988
2362 0.0747601
2363 0.0630948
2364 0.0747533
2365 0.0630909
2366 0.0747466
2367 0.0630869
2368 0.0747399
2369 0.063083
2370 0.0747332
2371 0.0630791
2372 0.0747265
2373 0.0630751
2374 0.0747197
2375 0.0630712
2376 0.074713
2377 0.0630672
2378 0.0747063
2379 0.0630633
2380 0.0746996
2381 0.0630594
2382 0.0746929
2383 0.0630554
2384 0.0746862
2385 0.0630515
2386 0.0746795
2387 0.0630476
2388 0.0746728
2389 0.0630436
2390 0.0746661
2391 0.0630397
2392 0.0746594
2393 0.0630358
2394 0.0746527
2395 0.0630319
2396 0.074646
2397 0.063028
2398 0.0746393
2399 0.0630241
2400 0.0746326
2401 0.0630202
2402 0.0746259
2403 0.0630162
2404 0.0746192
2405 0.0630123
2406 0.0746125
2407 0.0630084
2408 0.0746058
2409 0.0630045
2410 0.0745991
2411 0.0630006
2412 0.0745925
2413 0.0629968
2414 0.0745858
2415 0.0629929
2416 0.0745791
2417 0.062989
2418 0.0745724
2419 0.0629851
2420 0.0745657
2421 0.0629812
2422 0.0745591
2423 0.0629773
2424 0.0745524
2425 0.0629734
2426 0.0745457
2427 0.0629696
2428 0.0745391
2429 0.0629657
2430 0.0745324
2431 0.0629618
2432 0.0745257
2433 0.062958
2434 0.0745191
2435 0.0629541
2436 0.0745124
2437 0.0629502
2438 0.0745058
2439 0.0629464
2440 0.0744991
2441 0.0629425
2442 0.0744925
2443 0.0629387
2444 0.0744858
2445 0.0629348
2446 0.0744792
2447 0.062931
2448 0.0744725
2449 0.0629271
2450 0.0744659
2451 0.0629233
2452 0.0744592
2453 0.0629195
2454 0.0744526
2455 0.0629156
2456 0.074446
2457 0.0629118
2458 0.0744393
2459 0.062908
2460 0.0744327
2461 0.0629041
2462 0.0744261
2463 0.0629003
2464 0.0744195
2465 0.0628965
2466 0.0744128
2467 0.0628927
2468 0.0744062
2469 0.0628889
2470 0.0743996
2471 0.062885
2472 0.074393
2473 0.0628812
2474 0.0743864
2475 0.0628774
2476 0.0743798
2477 0.0628736
2478 0.0743732
2479 0.0628698
2480 0.0743666
2481 0.062866
2482 0.07436
2483 0.0628622
2484 0.0743534
2485 0.0628585
2486 0.0743468
2487 0.0628547
2488 0.0743402
2489 0.0628509
2490 0.0743336
2491 0.0628471
2492 0.074327
2493 0.0628433
2494 0.0743204
2495 0.0628395
2496 0.0743139
2497 0.0628358
2498 0.0743073
2499 0.062832
2500 0.0743007
2501 0.0628282
2502 0.0742942
2503 0.0628245
2504 0.0742876
2505 0.0628207
2506 0.074281
2507 0.062817
2508 0.0742745
2509 0.0628132
2510 0.0742679
2511 0.0628095
2512 0.0742614
2513 0.0628057
2514 0.0742548
2515 0.062802
2516 0.0742483
2517 0.0627982
2518 0.0742417
2519 0.0627945
2520 0.0742352
2521 0.0627908
2522 0.0742287
2523 0.062787
2524 0.0742221
2525 0.0627833
2526 0.0742156
2527 0.0627796
2528 0.0742091
2529 0.0627759
2530 0.0742026
2531 0.0627722
2532 0.074196
2533 0.0627684
2534 0.0741895
2535 0.0627647
2536 0.074183
2537 0.062761
2538 0.0741765
2539 0.0627573
2540 0.07417
2541 0.0627536
2542 0.0741635
2543 0.0627499
2544 0.074157
2545 0.0627462
2546 0.0741505
2547 0.0627425
2548 0.0741441
2549 0.0627389
2550 0.0741376
2551 0.0627352
2552 0.0741311
2553 0.0627315
2554 0.0741246
2555 0.0627278
2556 0.0741181
2557 0.0627242
2558 0.0741117
2559 0.0627205
2560 0.0741052
2561 0.0627168
2562 0.0740988
2563 0.0627132
2564 0.0740923
2565 0.0627095
2566 0.0740858
2567 0.0627058
2568 0.0740794
2569 0.0627022
2570 0.074073
2571 0.0626985
2572 0.0740665
2573 0.0626949
2574 0.0740601
2575 0.0626913
2576 0.0740536
2577 0.0626876
2578 0.0740472
2579 0.062684
2580 0.0740408
2581 0.0626804
2582 0.0740344
2583 0.0626767
2584 0.074028
2585 0.0626731
2586 0.0740215
2587 0.0626695
2588 0.0740151
2589 0.0626659
2590 0.0740087
2591 0.0626623
2592 0.0740023
2593 0.0626587
2594 0.0739959
2595 0.0626551
2596 0.0739896
2597 0.0626515
2598 0.0739832
2599 0.0626479
2600 0.0739768
2601 0.0626443
2602 0.0739704
2603 0.0626407
2604 0.073964
2605 0.0626371
2606 0.0739577
2607 0.0626335
2608 0.0739513
2609 0.0626299
2610 0.0739449
2611 0.0626264
2612 0.0739386
2613 0.0626228
2614 0.0739322
2615 0.0626192
2616 0.0739259
2617 0.0626157
2618 0.0739195
2619 0.0626121
2620 0.0739132
2621 0.0626085
2622 0.0739069
2623 0.062605
2624 0.0739005
2625 0.0626014
2626 0.0738942
2627 0.0625979
2628 0.0738879
2629 0.0625944
2630 0.0738816
2631 0.0625908
2632 0.0738753
2633 0.0625873
2634 0.073869
2635 0.0625838
2636 0.0738627
2637 0.0625802
2638 0.0738564
2639 0.0625767
2640 0.0738501
2641 0.0625732
2642 0.0738438
2643 0.0625697
2644 0.0738375
2645 0.0625662
2646 0.0738312
2647 0.0625627
2648 0.073825
2649 0.0625592
2650 0.0738187
2651 0.0625557
2652 0.0738124
2653 0.0625522
2654 0.0738062
2655 0.0625487
2656 0.0737999
2657 0.0625452
2658 0.0737937
2659 0.0625417
2660 0.0737874
2661 0.0625382
2662 0.0737812
2663 0.0625347
2664 0.0737749
2665 0.0625313
2666 0.0737687
2667 0.0625278
2668 0.0737625
2669 0.0625243
2670 0.0737563
2671 0.0625209
2672 0.0737501
2673 0.0625174
2674 0.0737438
2675 0.062514
2676 0.0737376
2677 0.0625105
2678 0.0737314
2679 0.0625071
2680 0.0737252
2681 0.0625036
2682 0.0737191
2683 0.0625002
2684 0.0737129
2685 0.0624968
2686 0.0737067
2687 0.0624933
2688 0.0737005
2689 0.0624899
2690 0.0736943
2691 0.0624865
2692 0.0736882
2693 0.0624831
2694 0.073682
2695 0.0624797
2696 0.0736759
2697 0.0624762
2698 0.0736697
2699 0.0624728
2700 0.0736636
2701 0.0624694
2702 0.0736574
2703 0.062466
2704 0.0736513
2705 0.0624626
2706 0.0736452
2707 0.0624593
2708 0.073639
2709 0.0624559
2710 0.0736329
2711 0.0624525
2712 0.0736268
2713 0.0624491
2714 0.0736207
2715 0.0624457
2716 0.0736146
2717 0.0624424
2718 0.0736085
2719 0.062439
2720 0.0736024
2721 0.0624356
2722 0.0735963
2723 0.0624323
2724 0.0735902
2725 0.0624289
2726 0.0735841
2727 0.0624256
2728 0.0735781
2729 0.0624222
2730 0.073572
2731 0.0624189
2732 0.0735659
2733 0.0624155
2734 0.0735599
2735 0.0624122
2736 0.0735538
2737 0.0624089
2738 0.0735478
2739 0.0624056
2740 0.0735417
2741 0.0624022
2742 0.0735357
2743 0.0623989
2744 0.0735297
2745 0.0623956
2746 0.0735236
2747 0.0623923
2748 0.0735176
2749 0.062389
2750 0.0735116
2751 0.0623857
2752 0.0735056
2753 0.0623824
2754 0.0734996
2755 0.0623791
2756 0.0734936
2757 0.0623758
2758 0.0734876
2759 0.0623725
2760 0.0734816
2761 0.0623692
2762 0.0734756
2763 0.062366
2764 0.0734696
2765 0.0623627
2766 0.0734637
2767 0.0623594
2768 0.0734577
2769 0.0623561
2770 0.0734517
2771 0.0623529
2772 0.0734458
2773 0.0623496
2774 0.0734398
2775 0.0623464
2776 0.0734339
2777 0.0623431
2778 0.0734279
2779 0.0623399
2780 0.073422
2781 0.0623366
2782 0.0734161
2783 0.0623334
2784 0.0734102
2785 0.0623302
2786 0.0734042
2787 0.0623269
2788 0.0733983
2789 0.0623237
2790 0.0733924
2791 0.0623205
2792 0.0733865
2793 0.0623173
2794 0.0733806
2795 0.0623141
2796 0.0733747
2797 0.0623109
2798 0.0733688
2799 0.0623077
2800 0.073363
2801 0.0623045
2802 0.0733571
2803 0.0623013
2804 0.0733512
2805 0.0622981
2806 0.0733454
2807 0.0622949
2808 0.0733395
2809 0.0622917
2810 0.0733337
2811 0.0622885
2812 0.0733278
2813 0.0622853
2814 0.073322
2815 0.0622822
2816 0.0733161
2817 0.062279
2818 0.0733103
2819 0.0622758
2820 0.0733045
2821 0.0622727
2822 0.0732987
2823 0.0622695
2824 0.0732929
2825 0.0622664
2826 0.073287
2827 0.0622632
2828 0.0732812
2829 0.0622601
2830 0.0732754
2831 0.0622569
2832 0.0732697
2833 0.0622538
2834 0.0732639
2835 0.0622507
2836 0.0732581
2837 0.0622475
2838 0.0732523
2839 0.0622444
2840 0.0732466
2841 0.0622413
2842 0.0732408
2843 0.0622382
2844 0.073235
2845 0.0622351
2846 0.0732293
2847 0.062232
2848 0.0732235
2849 0.0622289
2850 0.0732178
2851 0.0622258
2852 0.0732121
2853 0.0622227
2854 0.0732064
2855 0.0622196
2856 0.0732006
2857 0.0622165
2858 0.0731949
2859 0.0622134
2860 0.0731892
2861 0.0622103
2862 0.0731835
2863 0.0622073
2864 0.0731778
2865 0.0622042
2866 0.0731721
2867 0.0622011
2868 0.0731664
2869 0.0621981
2870 0.0731607
2871 0.062195
2872 0.0731551
2873 0.062192
2874 0.0731494
2875 0.0621889
2876 0.0731437
2877 0.0621859
2878 0.0731381
2879 0.0621828
2880 0.0731324
2881 0.0621798
2882 0.0731268
2883 0.0621767
2884 0.0731211
2885 0.0621737
2886 0.0731155
2887 0.0621707
2888 0.0731099
2889 0.0621677
2890 0.0731042
2891 0.0621646
2892 0.0730986
2893 0.0621616
2894 0.073093
2895 0.0621586
2896 0.0730874
2897 0.0621556
2898 0.0730818
2899 0.0621526
2900 0.0730762
2901 0.0621496
2902 0.0730706
2903 0.0621466
2904 0.073065
2905 0.0621436
2906 0.0730595
2907 0.0621407
2908 0.0730539
2909 0.0621377
2910 0.0730483
2911 0.0621347
2912 0.0730428
2913 0.0621317
2914 0.0730372
2915 0.0621288
2916 0.0730317
2917 0.0621258
2918 0.0730261
2919 0.0621228
2920 0.0730206
2921 0.0621199
2922 0.0730151
2923 0.0621169
2924 0.0730095
2925 0.062114
2926 0.073004
2927 0.062111
2928 0.0729985
2929 0.0621081
2930 0.072993
2931 0.0621052
2932 0.0729875
2933 0.0621022
2934 0.072982
2935 0.0620993
2936 0.0729765
2937 0.0620964
2938 0.072971
2939 0.0620934
2940 0.0729656
2941 0.0620905
2942 0.0729601
2943 0.0620876
2944 0.0729546
2945 0.0620847
2946 0.0729492
2947 0.0620818
2948 0.0729437
2949 0.0620789
2950 0.0729383
2951 0.062076
2952 0.0729328
2953 0.0620731
2954 0.0729274
2955 0.0620702
2956 0.0729219
2957 0.0620673
2958 0.0729165
2959 0.0620645
2960 0.0729111
2961 0.0620616
2962 0.0729057
2963 0.0620587
2964 0.0729003
2965 0.0620558
2966 0.0728949
2967 0.062053
2968 0.0728895
2969 0.0620501
2970 0.0728841
2971 0.0620473
2972 0.0728787
2973 0.0620444
2974 0.0728733
2975 0.0620416
2976 0.072868
2977 0.0620387
2978 0.0728626
2979 0.0620359
2980 0.0728572
2981 0.062033
2982 0.0728519
2983 0.0620302
2984 0.0728465
2985 0.0620274
2986 0.0728412
2987 0.0620246
2988 0.0728358
2989 0.0620217
2990 0.0728305
2991 0.0620189
2992 0.0728252
2993 0.0620161
2994 0.0728199
2995 0.0620133
2996 0.0728146
2997 0.0620105
2998 0.0728093
2999 0.0620077
3000 0.0728039
