0.150355 
0.210674 
0.210684 
0.156533 
0.0681428 
-0.0302146 
-0.118196 
-0.183964 
-0.224685 
-0.244196 
-0.249629 
-0.248409 
-0.246275 
-0.246275 
-0.248409 
-0.249629 
-0.244196 
-0.224685 
-0.183964 
-0.118196 
-0.0302146 
0.0681428 
0.156533 
0.210684 
0.210674 
0.210674 
0.207607 
0.139762 
0.0326117 
-0.0811968 
-0.174062 
-0.230772 
-0.249629 
-0.23887 
-0.211271 
-0.179453 
-0.153189 
-0.138632 
-0.138632 
-0.153189 
-0.179453 
-0.211271 
-0.23887 
-0.249629 
-0.230772 
-0.174062 
-0.0811968 
0.0326117 
0.139762 
0.207607 
0.210684 
0.139762 
0.0203207 
-0.106065 
-0.202142 
-0.246938 
-0.23887 
-0.191093 
-0.123179 
-0.0534843 
0.00513974 
0.045958 
0.0665782 
0.0665782 
0.045958 
0.00513974 
-0.0534843 
-0.123179 
-0.191093 
-0.23887 
-0.246938 
-0.202142 
-0.106065 
0.0203207 
0.139762 
0.156533 
0.0326117 
-0.106065 
-0.210329 
-0.249629 
-0.219776 
-0.138632 
-0.0344163 
0.0665782 
0.14767 
0.203258 
0.235616 
0.249914 
0.249914 
0.235616 
0.203258 
0.14767 
0.0665782 
-0.0344163 
-0.138632 
-0.219776 
-0.249629 
-0.210329 
-0.106065 
0.0326117 
0.0681428 
-0.0811968 
-0.202142 
-0.249629 
-0.211271 
-0.10688 
0.0254419 
0.14767 
0.235616 
0.283366 
0.299332 
0.298275 
0.293841 
0.293841 
0.298275 
0.299332 
0.283366 
0.235616 
0.14767 
0.0254419 
-0.10688 
-0.211271 
-0.249629 
-0.202142 
-0.0811968 
-0.0302146 
-0.174062 
-0.246938 
-0.219776 
-0.10688 
0.045958 
0.185515 
0.27395 
0.300065 
0.276624 
0.228844 
0.182069 
0.154313 
0.154313 
0.182069 
0.228844 
0.276624 
0.300065 
0.27395 
0.185515 
0.045958 
-0.10688 
-0.219776 
-0.246938 
-0.174062 
-0.118196 
-0.230772 
-0.23887 
-0.138632 
0.0254419 
0.185515 
0.283366 
0.293841 
0.228844 
0.12378 
0.0173597 
-0.0631139 
-0.105013 
-0.105013 
-0.0631139 
0.0173597 
0.12378 
0.228844 
0.293841 
0.283366 
0.185515 
0.0254419 
-0.138632 
-0.23887 
-0.230772 
-0.183964 
-0.249629 
-0.191093 
-0.0344163 
0.14767 
0.27395 
0.293841 
0.206936 
0.055067 
-0.105013 
-0.230413 
-0.306031 
-0.338529 
-0.338529 
-0.306031 
-0.230413 
-0.105013 
0.055067 
0.206936 
0.293841 
0.27395 
0.14767 
-0.0344163 
-0.191093 
-0.249629 
-0.224685 
-0.23887 
-0.123179 
0.0665782 
0.235616 
0.300065 
0.228844 
0.055067 
-0.147309 
-0.306031 
-0.386724 
-0.402483 
-0.393781 
-0.393781 
-0.402483 
-0.386724 
-0.306031 
-0.147309 
0.055067 
0.228844 
0.300065 
0.235616 
0.0665782 
-0.123179 
-0.23887 
-0.244196 
-0.211271 
-0.0534843 
0.14767 
0.283366 
0.276624 
0.12378 
-0.105013 
-0.306031 
-0.399496 
-0.371282 
-0.275351 
-0.196548 
-0.196548 
-0.275351 
-0.371282 
-0.399496 
-0.306031 
-0.105013 
0.12378 
0.276624 
0.283366 
0.14767 
-0.0534843 
-0.211271 
-0.249629 
-0.179453 
0.00513974 
0.203258 
0.299332 
0.228844 
0.0173597 
-0.230413 
-0.386724 
-0.371282 
-0.196548 
0.0381543 
0.201103 
0.201103 
0.0381543 
-0.196548 
-0.371282 
-0.386724 
-0.230413 
0.0173597 
0.228844 
0.299332 
0.203258 
0.00513974 
-0.179453 
-0.248409 
-0.153189 
0.045958 
0.235616 
0.298275 
0.182069 
-0.0631139 
-0.306031 
-0.402483 
-0.275351 
0.0381543 
0.399685 
0.638266 
0.638266 
0.399685 
0.0381543 
-0.275351 
-0.402483 
-0.306031 
-0.0631139 
0.182069 
0.298275 
0.235616 
0.045958 
-0.153189 
-0.246275 
-0.138632 
0.0665782 
0.249914 
0.293841 
0.154313 
-0.105013 
-0.338529 
-0.393781 
-0.196548 
0.201103 
0.638266 
0.921586 
0.921586 
0.638266 
0.201103 
-0.196548 
-0.393781 
-0.338529 
-0.105013 
0.154313 
0.293841 
0.249914 
0.0665782 
-0.138632 
-0.246275 
-0.138632 
0.0665782 
0.249914 
0.293841 
0.154313 
-0.105013 
-0.338529 
-0.393781 
-0.196548 
0.201103 
0.638266 
0.921586 
0.921586 
0.638266 
0.201103 
-0.196548 
-0.393781 
-0.338529 
-0.105013 
0.154313 
0.293841 
0.249914 
0.0665782 
-0.138632 
-0.248409 
-0.153189 
0.045958 
0.235616 
0.298275 
0.182069 
-0.0631139 
-0.306031 
-0.402483 
-0.275351 
0.0381543 
0.399685 
0.638266 
0.638266 
0.399685 
0.0381543 
-0.275351 
-0.402483 
-0.306031 
-0.0631139 
0.182069 
0.298275 
0.235616 
0.045958 
-0.153189 
-0.249629 
-0.179453 
0.00513974 
0.203258 
0.299332 
0.228844 
0.0173597 
-0.230413 
-0.386724 
-0.371282 
-0.196548 
0.0381543 
0.201103 
0.201103 
0.0381543 
-0.196548 
-0.371282 
-0.386724 
-0.230413 
0.0173597 
0.228844 
0.299332 
0.203258 
0.00513974 
-0.179453 
-0.244196 
-0.211271 
-0.0534843 
0.14767 
0.283366 
0.276624 
0.12378 
-0.105013 
-0.306031 
-0.399496 
-0.371282 
-0.275351 
-0.196548 
-0.196548 
-0.275351 
-0.371282 
-0.399496 
-0.306031 
-0.105013 
0.12378 
0.276624 
0.283366 
0.14767 
-0.0534843 
-0.211271 
-0.224685 
-0.23887 
-0.123179 
0.0665782 
0.235616 
0.300065 
0.228844 
0.055067 
-0.147309 
-0.306031 
-0.386724 
-0.402483 
-0.393781 
-0.393781 
-0.402483 
-0.386724 
-0.306031 
-0.147309 
0.055067 
0.228844 
0.300065 
0.235616 
0.0665782 
-0.123179 
-0.23887 
-0.183964 
-0.249629 
-0.191093 
-0.0344163 
0.14767 
0.27395 
0.293841 
0.206936 
0.055067 
-0.105013 
-0.230413 
-0.306031 
-0.338529 
-0.338529 
-0.306031 
-0.230413 
-0.105013 
0.055067 
0.206936 
0.293841 
0.27395 
0.14767 
-0.0344163 
-0.191093 
-0.249629 
-0.118196 
-0.230772 
-0.23887 
-0.138632 
0.0254419 
0.185515 
0.283366 
0.293841 
0.228844 
0.12378 
0.0173597 
-0.0631139 
-0.105013 
-0.105013 
-0.0631139 
0.0173597 
0.12378 
0.228844 
0.293841 
0.283366 
0.185515 
0.0254419 
-0.138632 
-0.23887 
-0.230772 
-0.0302146 
-0.174062 
-0.246938 
-0.219776 
-0.10688 
0.045958 
0.185515 
0.27395 
0.300065 
0.276624 
0.228844 
0.182069 
0.154313 
0.154313 
0.182069 
0.228844 
0.276624 
0.300065 
0.27395 
0.185515 
0.045958 
-0.10688 
-0.219776 
-0.246938 
-0.174062 
0.0681428 
-0.0811968 
-0.202142 
-0.249629 
-0.211271 
-0.10688 
0.0254419 
0.14767 
0.235616 
0.283366 
0.299332 
0.298275 
0.293841 
0.293841 
0.298275 
0.299332 
0.283366 
0.235616 
0.14767 
0.0254419 
-0.10688 
-0.211271 
-0.249629 
-0.202142 
-0.0811968 
0.156533 
0.0326117 
-0.106065 
-0.210329 
-0.249629 
-0.219776 
-0.138632 
-0.0344163 
0.0665782 
0.14767 
0.203258 
0.235616 
0.249914 
0.249914 
0.235616 
0.203258 
0.14767 
0.0665782 
-0.0344163 
-0.138632 
-0.219776 
-0.249629 
-0.210329 
-0.106065 
0.0326117 
0.210684 
0.139762 
0.0203207 
-0.106065 
-0.202142 
-0.246938 
-0.23887 
-0.191093 
-0.123179 
-0.0534843 
0.00513974 
0.045958 
0.0665782 
0.0665782 
0.045958 
0.00513974 
-0.0534843 
-0.123179 
-0.191093 
-0.23887 
-0.246938 
-0.202142 
-0.106065 
0.0203207 
0.139762 
0.210674 
0.207607 
0.139762 
0.0326117 
-0.0811968 
-0.174062 
-0.230772 
-0.249629 
-0.23887 
-0.211271 
-0.179453 
-0.153189 
-0.138632 
-0.138632 
-0.153189 
-0.179453 
-0.211271 
-0.23887 
-0.249629 
-0.230772 
-0.174062 
-0.0811968 
0.0326117 
0.139762 
0.207607 
0.150355 
0.210674 
0.210684 
0.156533 
0.0681428 
-0.0302146 
-0.118196 
-0.183964 
-0.224685 
-0.244196 
-0.249629 
-0.248409 
-0.246275 
-0.246275 
-0.248409 
-0.249629 
-0.244196 
-0.224685 
-0.183964 
-0.118196 
-0.0302146 
0.0681428 
0.156533 
0.210684 
0.210674 
0.0436828 
0.143218 
0.204453 
0.216759 
0.184338 
0.121225 
0.0446993 
-0.0302146 
-0.0937176 
-0.141634 
-0.174062 
-0.193339 
-0.202142 
-0.202142 
-0.193339 
-0.174062 
-0.141634 
-0.0937176 
-0.0302146 
0.0446993 
0.121225 
0.184338 
0.216759 
0.204453 
0.143218 
-0.0761668 
